*tech,region,year,sc_point_gid,capacity
geohydro_allkm_9,p32013,2010,33483,13.0
geohydro_allkm_9,p32013,2010,33484,13.0
geohydro_allkm_9,p06035,2010,34609,1.1
geohydro_allkm_9,p32031,2010,34613,0.6
geohydro_allkm_9,p32031,2010,34614,0.9
geohydro_allkm_9,p32031,2010,34994,0.9
geohydro_allkm_10,p32027,2010,35374,0.9
geohydro_allkm_9,p06033,2010,37246,9.0
geohydro_allkm_9,p06033,2010,37247,2.971
geohydro_allkm_9,p32001,2010,37274,6.3
geohydro_allkm_9,p32001,2010,37275,7.5
geohydro_allkm_9,p32001,2010,37276,4.3
geohydro_allkm_9,p06045,2010,37624,9.0
geohydro_allkm_9,p06045,2010,37625,19.0
geohydro_allkm_9,p06033,2010,37626,45.0
geohydro_allkm_9,p06033,2010,37627,50.0
geohydro_allkm_9,p06033,2010,37628,40.0
geohydro_allkm_9,p06033,2010,37629,19.0
geohydro_allkm_9,p32031,2010,37648,0.9
geohydro_allkm_9,p32031,2010,37649,5.4
geohydro_allkm_9,p32001,2010,37655,7.5
geohydro_allkm_9,p32001,2010,37656,7.3
geohydro_allkm_9,p06045,2010,38004,9.0
geohydro_allkm_9,p06045,2010,38005,15.8
geohydro_allkm_8,p06045,2010,38006,60.0
geohydro_allkm_8,p06033,2010,38007,60.0
geohydro_allkm_8,p06033,2010,38008,51.0
geohydro_allkm_9,p06033,2010,38009,40.0
geohydro_allkm_10,p06011,2010,38010,9.229
geohydro_allkm_9,p32031,2010,38028,9.0
geohydro_allkm_9,p32031,2010,38029,10.0
geohydro_allkm_9,p32031,2010,38030,5.4
geohydro_allkm_9,p32001,2010,38036,1.3
geohydro_allkm_10,p32001,2010,38037,1.2
geohydro_allkm_7,p06033,2010,38387,65.0
geohydro_allkm_8,p06033,2010,38388,60.0
geohydro_allkm_9,p06033,2010,38389,50.0
geohydro_allkm_10,p06113,2010,38390,21.815
geohydro_allkm_10,p06057,2010,38407,3.7
geohydro_allkm_9,p32031,2010,38408,10.0
geohydro_allkm_9,p32029,2010,38410,10.0
geohydro_allkm_9,p32001,2010,38415,1.3
geohydro_allkm_9,p32001,2010,38416,1.3
geohydro_allkm_10,p32001,2010,38417,10.1
geohydro_allkm_8,p06033,2010,38767,68.0
geohydro_allkm_9,p06033,2010,38768,60.0
geohydro_allkm_9,p06033,2010,38769,33.1
geohydro_allkm_10,p06055,2010,38770,0.131
geohydro_allkm_10,p32031,2010,38787,0.9
geohydro_allkm_9,p32031,2010,38788,10.0
geohydro_allkm_9,p32031,2010,38789,10.9
geohydro_allkm_9,p32029,2010,38790,5.4
geohydro_allkm_9,p32001,2010,38794,1.1
geohydro_allkm_9,p32001,2010,38795,1.3
geohydro_allkm_9,p32001,2010,38796,1.2
geohydro_allkm_9,p32001,2010,38797,10.1
geohydro_allkm_9,p32001,2010,38798,10.1
geohydro_allkm_9,p06055,2010,39148,50.0
geohydro_allkm_9,p06055,2010,39149,26.0
geohydro_allkm_9,p32019,2010,39169,5.4
geohydro_allkm_9,p32019,2010,39171,0.1
geohydro_allkm_10,p32019,2010,39172,0.4
geohydro_allkm_9,p32001,2010,39175,0.9
geohydro_allkm_9,p32001,2010,39176,0.9
geohydro_allkm_9,p06055,2010,39528,40.0
geohydro_allkm_9,p06055,2010,39529,25.0
geohydro_allkm_9,p32001,2010,39556,10.1
geohydro_allkm_9,p32001,2010,39557,10.1
geohydro_allkm_9,p06055,2010,39908,3.055
geohydro_allkm_9,p32019,2010,39933,0.4
geohydro_allkm_9,p06051,2010,44870,3.3
geohydro_allkm_9,p06051,2010,44871,3.3
geohydro_allkm_10,p06039,2010,45249,1.316
geohydro_allkm_9,p06051,2010,45250,3.8
geohydro_allkm_9,p06051,2010,45251,3.3
geohydro_allkm_9,p06051,2010,45252,3.3
geohydro_allkm_10,p06039,2010,45629,3.3
geohydro_allkm_9,p06051,2010,45630,4.6
geohydro_allkm_8,p06051,2010,45631,4.2
geohydro_allkm_9,p06051,2010,45632,1.984
geohydro_allkm_9,p49001,2010,45675,8.7
geohydro_allkm_9,p06019,2010,46010,0.893
geohydro_allkm_9,p06051,2010,46011,2.407
geohydro_allkm_9,p06051,2010,46012,3.3
geohydro_allkm_9,p49001,2010,46812,11.0
geohydro_allkm_9,p06027,2010,51713,23.4
geohydro_allkm_8,p06027,2010,51714,22.485
geohydro_allkm_8,p06027,2010,51715,9.27
geohydro_allkm_9,p06027,2010,51716,21.8
geohydro_allkm_9,p06027,2010,52093,20.851
geohydro_allkm_8,p06027,2010,52094,13.307
geohydro_allkm_8,p06027,2010,52095,10.495
geohydro_allkm_9,p06027,2010,52096,4.215
geohydro_allkm_10,p06107,2010,52472,13.76
geohydro_allkm_9,p06027,2010,52473,6.049
geohydro_allkm_8,p06027,2010,52474,3.698
geohydro_allkm_9,p06027,2010,52853,14.21
geohydro_allkm_9,p06027,2010,52854,27.0
geohydro_allkm_9,p06029,2010,53233,8.74
geohydro_allkm_9,p06027,2010,53234,0.021
geohydro_allkm_7,p06025,2010,63883,4.0
geohydro_allkm_7,p06025,2010,63884,10.0
geohydro_allkm_7,p06025,2010,63885,9.0
geohydro_allkm_7,p06025,2010,64263,29.0
geohydro_allkm_7,p06025,2010,64264,49.0
geohydro_allkm_7,p06025,2010,64265,42.0
geohydro_allkm_9,p06025,2010,64267,0.6
geohydro_allkm_9,p06025,2010,64268,0.6
geohydro_allkm_8,p06025,2010,64642,2.1
geohydro_allkm_8,p06025,2010,64643,44.0
geohydro_allkm_7,p06025,2010,64644,50.0
geohydro_allkm_7,p06025,2010,64645,46.0
geohydro_allkm_7,p06025,2010,64646,10.0
geohydro_allkm_9,p06025,2010,64647,0.6
geohydro_allkm_9,p06025,2010,64648,0.425
geohydro_allkm_9,p06025,2010,64649,0.6
geohydro_allkm_8,p06025,2010,65022,0.6
geohydro_allkm_8,p06025,2010,65023,17.0
geohydro_allkm_7,p06025,2010,65024,42.0
geohydro_allkm_7,p06025,2010,65025,10.7
geohydro_allkm_7,p06025,2010,65026,1.0
geohydro_allkm_8,p06025,2010,65027,0.648
geohydro_allkm_9,p06025,2010,65028,0.8
geohydro_allkm_9,p06025,2010,65029,0.6
geohydro_allkm_9,p06025,2010,65030,0.6
geohydro_allkm_8,p06025,2010,65402,3.0
geohydro_allkm_8,p06025,2010,65403,3.0
geohydro_allkm_8,p06025,2010,65404,10.7
geohydro_allkm_7,p06025,2010,65405,10.7
geohydro_allkm_7,p06025,2010,65406,3.0
geohydro_allkm_8,p06025,2010,65407,1.0
geohydro_allkm_9,p06025,2010,65409,0.6
geohydro_allkm_8,p06025,2010,65410,0.175
geohydro_allkm_9,p06025,2010,65781,0.6
geohydro_allkm_8,p06025,2010,65782,3.0
geohydro_allkm_8,p06025,2010,65783,3.8
geohydro_allkm_8,p06025,2010,65784,3.8
geohydro_allkm_8,p06025,2010,65785,8.0
geohydro_allkm_7,p06025,2010,65786,8.0
geohydro_allkm_8,p06025,2010,65787,2.718
geohydro_allkm_8,p06025,2010,65788,1.0
geohydro_allkm_8,p06025,2010,65789,0.252
geohydro_allkm_8,p06025,2010,65790,0.6
geohydro_allkm_8,p06025,2010,65791,0.6
geohydro_allkm_9,p06025,2010,66161,3.0
geohydro_allkm_8,p06025,2010,66162,3.8
geohydro_allkm_8,p06025,2010,66163,4.5
geohydro_allkm_8,p06025,2010,66164,12.0
geohydro_allkm_8,p06025,2010,66165,5.282
geohydro_allkm_7,p06025,2010,66166,14.4
geohydro_allkm_8,p06025,2010,66167,0.303
geohydro_allkm_8,p06025,2010,66168,1.0
geohydro_allkm_8,p06025,2010,66169,1.0
geohydro_allkm_8,p06025,2010,66170,0.6
geohydro_allkm_8,p06025,2010,66171,0.6
geohydro_allkm_9,p06025,2010,66541,3.0
geohydro_allkm_8,p06025,2010,66542,3.0
geohydro_allkm_8,p06025,2010,66543,3.8
geohydro_allkm_8,p06025,2010,66544,12.0
geohydro_allkm_7,p06025,2010,66545,3.8
geohydro_allkm_7,p06025,2010,66546,7.697
geohydro_allkm_8,p06025,2010,66547,5.3
geohydro_allkm_8,p06025,2010,66548,1.0
geohydro_allkm_8,p06025,2010,66549,0.8
geohydro_allkm_8,p06025,2010,66550,0.6
geohydro_allkm_8,p06025,2010,66551,0.6
geohydro_allkm_10,p06035,2010,98244,1.1
geohydro_allkm_9,p06025,2010,98283,3.8
geohydro_allkm_9,p06055,2010,98290,16.9
geohydro_allkm_9,p06025,2010,98296,1.0
geohydro_allkm_9,p16031,2010,98298,10.0
geohydro_allkm_8,p06011,2010,98309,12.2
geohydro_allkm_8,p32001,2010,98310,10.1
geohydro_allkm_8,p06025,2010,98314,14.4
geohydro_allkm_8,p06025,2010,98315,34.3
geohydro_allkm_7,p32001,2010,98321,0.8
geohydro_allkm_6,p32013,2010,98326,13.0
geohydro_allkm_6,p32001,2010,98328,10.0
geohydro_allkm_6,p32011,2010,98329,12.8
geohydro_allkm_5,p32001,2010,98331,56.0
geohydro_allkm_4,p06025,2010,98332,10.7
geohydro_allkm_4,p49001,2010,98333,23.0
geohydro_allkm_4,p06025,2010,98334,10.7
geohydro_allkm_3,p06027,2010,98339,30.0
geohydro_allkm_3,p06025,2010,98340,1.0
geohydro_allkm_2,p06033,2010,98341,29.2
geohydro_allkm_9,p32013,2011,33483,13.0
geohydro_allkm_9,p32013,2011,33484,13.0
geohydro_allkm_9,p06035,2011,34609,1.1
geohydro_allkm_9,p32031,2011,34613,0.6
geohydro_allkm_9,p32031,2011,34614,0.9
geohydro_allkm_9,p32031,2011,34994,0.9
geohydro_allkm_10,p32027,2011,35374,0.9
geohydro_allkm_9,p06033,2011,37246,9.0
geohydro_allkm_9,p06033,2011,37247,2.971
geohydro_allkm_9,p32001,2011,37274,6.3
geohydro_allkm_9,p32001,2011,37275,7.5
geohydro_allkm_9,p32001,2011,37276,4.3
geohydro_allkm_9,p06045,2011,37624,9.0
geohydro_allkm_9,p06045,2011,37625,19.0
geohydro_allkm_9,p06033,2011,37626,45.0
geohydro_allkm_9,p06033,2011,37627,50.0
geohydro_allkm_9,p06033,2011,37628,40.0
geohydro_allkm_9,p06033,2011,37629,19.0
geohydro_allkm_9,p32031,2011,37648,0.9
geohydro_allkm_9,p32031,2011,37649,5.4
geohydro_allkm_9,p32001,2011,37655,7.5
geohydro_allkm_9,p32001,2011,37656,7.3
geohydro_allkm_9,p06045,2011,38004,9.0
geohydro_allkm_9,p06045,2011,38005,15.8
geohydro_allkm_8,p06045,2011,38006,60.0
geohydro_allkm_8,p06033,2011,38007,60.0
geohydro_allkm_8,p06033,2011,38008,51.0
geohydro_allkm_9,p06033,2011,38009,40.0
geohydro_allkm_10,p06011,2011,38010,9.229
geohydro_allkm_9,p32031,2011,38028,9.0
geohydro_allkm_9,p32031,2011,38029,10.0
geohydro_allkm_9,p32031,2011,38030,5.4
geohydro_allkm_9,p32001,2011,38036,1.3
geohydro_allkm_10,p32001,2011,38037,1.2
geohydro_allkm_7,p06033,2011,38387,65.0
geohydro_allkm_8,p06033,2011,38388,60.0
geohydro_allkm_9,p06033,2011,38389,50.0
geohydro_allkm_10,p06113,2011,38390,21.815
geohydro_allkm_10,p06057,2011,38407,3.7
geohydro_allkm_9,p32031,2011,38408,10.0
geohydro_allkm_9,p32029,2011,38410,10.0
geohydro_allkm_9,p32001,2011,38415,1.3
geohydro_allkm_9,p32001,2011,38416,1.3
geohydro_allkm_10,p32001,2011,38417,10.1
geohydro_allkm_8,p06033,2011,38767,68.0
geohydro_allkm_9,p06033,2011,38768,60.0
geohydro_allkm_9,p06033,2011,38769,33.1
geohydro_allkm_10,p06055,2011,38770,0.131
geohydro_allkm_10,p32031,2011,38787,0.9
geohydro_allkm_9,p32031,2011,38788,10.0
geohydro_allkm_9,p32031,2011,38789,10.9
geohydro_allkm_9,p32029,2011,38790,5.4
geohydro_allkm_9,p32001,2011,38794,1.1
geohydro_allkm_9,p32001,2011,38795,1.3
geohydro_allkm_9,p32001,2011,38796,1.2
geohydro_allkm_9,p32001,2011,38797,10.1
geohydro_allkm_9,p32001,2011,38798,10.1
geohydro_allkm_9,p06055,2011,39148,50.0
geohydro_allkm_9,p06055,2011,39149,26.0
geohydro_allkm_9,p32019,2011,39169,5.4
geohydro_allkm_9,p32019,2011,39171,0.1
geohydro_allkm_10,p32019,2011,39172,0.4
geohydro_allkm_9,p32001,2011,39175,0.9
geohydro_allkm_9,p32001,2011,39176,0.9
geohydro_allkm_9,p06055,2011,39528,40.0
geohydro_allkm_9,p06055,2011,39529,25.0
geohydro_allkm_9,p32001,2011,39556,10.1
geohydro_allkm_9,p32001,2011,39557,10.1
geohydro_allkm_9,p06055,2011,39908,3.055
geohydro_allkm_9,p32019,2011,39933,0.4
geohydro_allkm_9,p06051,2011,44870,3.3
geohydro_allkm_9,p06051,2011,44871,3.3
geohydro_allkm_10,p06039,2011,45249,1.316
geohydro_allkm_9,p06051,2011,45250,3.8
geohydro_allkm_9,p06051,2011,45251,3.3
geohydro_allkm_9,p06051,2011,45252,3.3
geohydro_allkm_10,p06039,2011,45629,3.3
geohydro_allkm_9,p06051,2011,45630,4.6
geohydro_allkm_8,p06051,2011,45631,4.2
geohydro_allkm_9,p06051,2011,45632,1.984
geohydro_allkm_9,p49001,2011,45675,8.7
geohydro_allkm_9,p06019,2011,46010,0.893
geohydro_allkm_9,p06051,2011,46011,2.407
geohydro_allkm_9,p06051,2011,46012,3.3
geohydro_allkm_9,p49001,2011,46812,11.0
geohydro_allkm_9,p06027,2011,51713,23.4
geohydro_allkm_8,p06027,2011,51714,22.485
geohydro_allkm_8,p06027,2011,51715,9.27
geohydro_allkm_9,p06027,2011,51716,21.8
geohydro_allkm_9,p06027,2011,52093,20.851
geohydro_allkm_8,p06027,2011,52094,13.307
geohydro_allkm_8,p06027,2011,52095,10.495
geohydro_allkm_9,p06027,2011,52096,4.215
geohydro_allkm_10,p06107,2011,52472,13.76
geohydro_allkm_9,p06027,2011,52473,6.049
geohydro_allkm_8,p06027,2011,52474,3.698
geohydro_allkm_9,p06027,2011,52853,14.21
geohydro_allkm_9,p06027,2011,52854,27.0
geohydro_allkm_9,p06029,2011,53233,8.74
geohydro_allkm_9,p06027,2011,53234,0.021
geohydro_allkm_7,p06025,2011,63883,4.0
geohydro_allkm_7,p06025,2011,63884,10.0
geohydro_allkm_7,p06025,2011,63885,9.0
geohydro_allkm_7,p06025,2011,64263,29.0
geohydro_allkm_7,p06025,2011,64264,49.0
geohydro_allkm_7,p06025,2011,64265,42.0
geohydro_allkm_9,p06025,2011,64267,0.6
geohydro_allkm_9,p06025,2011,64268,0.6
geohydro_allkm_8,p06025,2011,64642,2.1
geohydro_allkm_8,p06025,2011,64643,44.0
geohydro_allkm_7,p06025,2011,64644,50.0
geohydro_allkm_7,p06025,2011,64645,46.0
geohydro_allkm_7,p06025,2011,64646,10.0
geohydro_allkm_9,p06025,2011,64647,0.6
geohydro_allkm_9,p06025,2011,64648,0.425
geohydro_allkm_9,p06025,2011,64649,0.6
geohydro_allkm_8,p06025,2011,65022,0.6
geohydro_allkm_8,p06025,2011,65023,17.0
geohydro_allkm_7,p06025,2011,65024,42.0
geohydro_allkm_7,p06025,2011,65025,10.7
geohydro_allkm_7,p06025,2011,65026,1.0
geohydro_allkm_8,p06025,2011,65027,0.648
geohydro_allkm_9,p06025,2011,65028,0.8
geohydro_allkm_9,p06025,2011,65029,0.6
geohydro_allkm_9,p06025,2011,65030,0.6
geohydro_allkm_8,p06025,2011,65402,3.0
geohydro_allkm_8,p06025,2011,65403,3.0
geohydro_allkm_8,p06025,2011,65404,10.7
geohydro_allkm_7,p06025,2011,65405,10.7
geohydro_allkm_7,p06025,2011,65406,3.0
geohydro_allkm_8,p06025,2011,65407,1.0
geohydro_allkm_9,p06025,2011,65409,0.6
geohydro_allkm_8,p06025,2011,65410,0.175
geohydro_allkm_9,p06025,2011,65781,0.6
geohydro_allkm_8,p06025,2011,65782,3.0
geohydro_allkm_8,p06025,2011,65783,3.8
geohydro_allkm_8,p06025,2011,65784,3.8
geohydro_allkm_8,p06025,2011,65785,8.0
geohydro_allkm_7,p06025,2011,65786,8.0
geohydro_allkm_8,p06025,2011,65787,2.718
geohydro_allkm_8,p06025,2011,65788,1.0
geohydro_allkm_8,p06025,2011,65789,0.252
geohydro_allkm_8,p06025,2011,65790,0.6
geohydro_allkm_8,p06025,2011,65791,0.6
geohydro_allkm_9,p06025,2011,66161,3.0
geohydro_allkm_8,p06025,2011,66162,3.8
geohydro_allkm_8,p06025,2011,66163,4.5
geohydro_allkm_8,p06025,2011,66164,12.0
geohydro_allkm_8,p06025,2011,66165,5.282
geohydro_allkm_7,p06025,2011,66166,14.4
geohydro_allkm_8,p06025,2011,66167,0.303
geohydro_allkm_8,p06025,2011,66168,1.0
geohydro_allkm_8,p06025,2011,66169,1.0
geohydro_allkm_8,p06025,2011,66170,0.6
geohydro_allkm_8,p06025,2011,66171,0.6
geohydro_allkm_9,p06025,2011,66541,3.0
geohydro_allkm_8,p06025,2011,66542,3.0
geohydro_allkm_8,p06025,2011,66543,3.8
geohydro_allkm_8,p06025,2011,66544,12.0
geohydro_allkm_7,p06025,2011,66545,3.8
geohydro_allkm_7,p06025,2011,66546,7.697
geohydro_allkm_8,p06025,2011,66547,5.3
geohydro_allkm_8,p06025,2011,66548,1.0
geohydro_allkm_8,p06025,2011,66549,0.8
geohydro_allkm_8,p06025,2011,66550,0.6
geohydro_allkm_8,p06025,2011,66551,0.6
geohydro_allkm_10,p06035,2011,98244,1.1
geohydro_allkm_9,p06025,2011,98283,3.8
geohydro_allkm_9,p06055,2011,98290,16.9
geohydro_allkm_9,p06025,2011,98296,1.0
geohydro_allkm_9,p16031,2011,98298,10.0
geohydro_allkm_8,p06011,2011,98309,12.2
geohydro_allkm_8,p32001,2011,98310,10.1
geohydro_allkm_8,p06025,2011,98314,14.4
geohydro_allkm_8,p06025,2011,98315,34.3
geohydro_allkm_7,p32001,2011,98321,0.8
geohydro_allkm_6,p32013,2011,98326,13.0
geohydro_allkm_6,p32001,2011,98328,10.0
geohydro_allkm_6,p32011,2011,98329,12.8
geohydro_allkm_5,p32001,2011,98331,56.0
geohydro_allkm_4,p06025,2011,98332,10.7
geohydro_allkm_4,p49001,2011,98333,23.0
geohydro_allkm_4,p06025,2011,98334,10.7
geohydro_allkm_3,p06027,2011,98339,30.0
geohydro_allkm_3,p06025,2011,98340,1.0
geohydro_allkm_2,p06033,2011,98341,29.2
geohydro_allkm_9,p32013,2012,33483,13.0
geohydro_allkm_9,p32013,2012,33484,13.0
geohydro_allkm_9,p06035,2012,34609,1.1
geohydro_allkm_9,p06033,2012,37246,9.0
geohydro_allkm_9,p06033,2012,37247,2.971
geohydro_allkm_9,p32001,2012,37274,6.3
geohydro_allkm_9,p32001,2012,37275,7.5
geohydro_allkm_9,p32001,2012,37276,4.3
geohydro_allkm_9,p06045,2012,37624,9.0
geohydro_allkm_9,p06045,2012,37625,19.0
geohydro_allkm_9,p06033,2012,37626,45.0
geohydro_allkm_9,p06033,2012,37627,50.0
geohydro_allkm_9,p06033,2012,37628,40.0
geohydro_allkm_9,p06033,2012,37629,19.0
geohydro_allkm_9,p32031,2012,37648,0.9
geohydro_allkm_9,p32031,2012,37649,5.4
geohydro_allkm_9,p32001,2012,37655,7.5
geohydro_allkm_9,p32001,2012,37656,7.3
geohydro_allkm_9,p06045,2012,38004,9.0
geohydro_allkm_9,p06045,2012,38005,15.8
geohydro_allkm_8,p06045,2012,38006,60.0
geohydro_allkm_8,p06033,2012,38007,60.0
geohydro_allkm_8,p06033,2012,38008,51.0
geohydro_allkm_9,p06033,2012,38009,40.0
geohydro_allkm_10,p06011,2012,38010,9.229
geohydro_allkm_9,p32031,2012,38028,9.0
geohydro_allkm_9,p32031,2012,38029,10.0
geohydro_allkm_9,p32031,2012,38030,5.4
geohydro_allkm_9,p32001,2012,38036,1.3
geohydro_allkm_10,p32001,2012,38037,1.2
geohydro_allkm_7,p06033,2012,38387,65.0
geohydro_allkm_8,p06033,2012,38388,60.0
geohydro_allkm_9,p06033,2012,38389,50.0
geohydro_allkm_10,p06113,2012,38390,21.815
geohydro_allkm_10,p06057,2012,38407,3.7
geohydro_allkm_9,p32031,2012,38408,10.0
geohydro_allkm_9,p32029,2012,38410,10.0
geohydro_allkm_9,p32001,2012,38415,1.3
geohydro_allkm_9,p32001,2012,38416,1.3
geohydro_allkm_10,p32001,2012,38417,10.1
geohydro_allkm_8,p06033,2012,38767,68.0
geohydro_allkm_9,p06033,2012,38768,60.0
geohydro_allkm_9,p06033,2012,38769,33.1
geohydro_allkm_10,p06055,2012,38770,0.131
geohydro_allkm_10,p32031,2012,38787,0.9
geohydro_allkm_9,p32031,2012,38788,10.0
geohydro_allkm_9,p32031,2012,38789,10.9
geohydro_allkm_9,p32029,2012,38790,5.4
geohydro_allkm_9,p32001,2012,38794,1.1
geohydro_allkm_9,p32001,2012,38795,1.3
geohydro_allkm_9,p32001,2012,38796,1.2
geohydro_allkm_9,p32001,2012,38797,10.1
geohydro_allkm_9,p32001,2012,38798,10.1
geohydro_allkm_9,p06055,2012,39148,50.0
geohydro_allkm_9,p06055,2012,39149,26.0
geohydro_allkm_9,p32019,2012,39169,5.4
geohydro_allkm_9,p32019,2012,39171,0.1
geohydro_allkm_10,p32019,2012,39172,0.4
geohydro_allkm_9,p32001,2012,39175,0.9
geohydro_allkm_9,p32001,2012,39176,0.9
geohydro_allkm_9,p06055,2012,39528,40.0
geohydro_allkm_9,p06055,2012,39529,25.0
geohydro_allkm_9,p32001,2012,39556,10.1
geohydro_allkm_9,p32001,2012,39557,10.1
geohydro_allkm_9,p06055,2012,39908,3.055
geohydro_allkm_9,p32019,2012,39933,0.4
geohydro_allkm_9,p06051,2012,44870,3.3
geohydro_allkm_9,p06051,2012,44871,3.3
geohydro_allkm_10,p06039,2012,45249,1.316
geohydro_allkm_9,p06051,2012,45250,3.8
geohydro_allkm_9,p06051,2012,45251,3.3
geohydro_allkm_9,p06051,2012,45252,3.3
geohydro_allkm_10,p06039,2012,45629,3.3
geohydro_allkm_9,p06051,2012,45630,4.6
geohydro_allkm_8,p06051,2012,45631,4.2
geohydro_allkm_9,p06051,2012,45632,1.984
geohydro_allkm_9,p49001,2012,45675,8.7
geohydro_allkm_9,p06019,2012,46010,0.893
geohydro_allkm_9,p06051,2012,46011,2.407
geohydro_allkm_9,p06051,2012,46012,3.3
geohydro_allkm_9,p49001,2012,46812,11.0
geohydro_allkm_9,p06027,2012,51713,23.4
geohydro_allkm_8,p06027,2012,51714,22.485
geohydro_allkm_8,p06027,2012,51715,9.27
geohydro_allkm_9,p06027,2012,51716,21.8
geohydro_allkm_9,p06027,2012,52093,20.851
geohydro_allkm_8,p06027,2012,52094,13.307
geohydro_allkm_8,p06027,2012,52095,10.495
geohydro_allkm_9,p06027,2012,52096,4.215
geohydro_allkm_10,p06107,2012,52472,13.76
geohydro_allkm_9,p06027,2012,52473,6.049
geohydro_allkm_8,p06027,2012,52474,3.698
geohydro_allkm_9,p06027,2012,52853,14.21
geohydro_allkm_9,p06027,2012,52854,27.0
geohydro_allkm_9,p06029,2012,53233,8.74
geohydro_allkm_9,p06027,2012,53234,0.021
geohydro_allkm_7,p06025,2012,63883,4.0
geohydro_allkm_7,p06025,2012,63884,10.0
geohydro_allkm_7,p06025,2012,63885,9.0
geohydro_allkm_7,p06025,2012,64263,29.0
geohydro_allkm_7,p06025,2012,64264,49.0
geohydro_allkm_7,p06025,2012,64265,42.0
geohydro_allkm_9,p06025,2012,64267,0.6
geohydro_allkm_9,p06025,2012,64268,0.6
geohydro_allkm_8,p06025,2012,64642,2.1
geohydro_allkm_8,p06025,2012,64643,44.0
geohydro_allkm_7,p06025,2012,64644,50.0
geohydro_allkm_7,p06025,2012,64645,46.0
geohydro_allkm_7,p06025,2012,64646,10.0
geohydro_allkm_9,p06025,2012,64647,0.6
geohydro_allkm_9,p06025,2012,64648,0.425
geohydro_allkm_9,p06025,2012,64649,0.6
geohydro_allkm_8,p06025,2012,65022,0.6
geohydro_allkm_8,p06025,2012,65023,17.0
geohydro_allkm_7,p06025,2012,65024,42.0
geohydro_allkm_7,p06025,2012,65025,10.7
geohydro_allkm_7,p06025,2012,65026,1.0
geohydro_allkm_8,p06025,2012,65027,0.648
geohydro_allkm_9,p06025,2012,65028,0.8
geohydro_allkm_9,p06025,2012,65029,0.6
geohydro_allkm_9,p06025,2012,65030,0.6
geohydro_allkm_8,p06025,2012,65402,3.0
geohydro_allkm_8,p06025,2012,65403,3.0
geohydro_allkm_8,p06025,2012,65404,10.7
geohydro_allkm_7,p06025,2012,65405,10.7
geohydro_allkm_7,p06025,2012,65406,3.0
geohydro_allkm_8,p06025,2012,65407,1.0
geohydro_allkm_9,p06025,2012,65409,0.6
geohydro_allkm_8,p06025,2012,65410,0.175
geohydro_allkm_9,p06025,2012,65781,0.6
geohydro_allkm_8,p06025,2012,65782,3.0
geohydro_allkm_8,p06025,2012,65783,3.8
geohydro_allkm_8,p06025,2012,65784,3.8
geohydro_allkm_8,p06025,2012,65785,8.0
geohydro_allkm_7,p06025,2012,65786,8.0
geohydro_allkm_8,p06025,2012,65787,2.718
geohydro_allkm_8,p06025,2012,65788,1.0
geohydro_allkm_8,p06025,2012,65789,0.252
geohydro_allkm_8,p06025,2012,65790,0.6
geohydro_allkm_8,p06025,2012,65791,0.6
geohydro_allkm_9,p06025,2012,66161,3.0
geohydro_allkm_8,p06025,2012,66162,3.8
geohydro_allkm_8,p06025,2012,66163,4.5
geohydro_allkm_8,p06025,2012,66164,12.0
geohydro_allkm_8,p06025,2012,66165,5.282
geohydro_allkm_7,p06025,2012,66166,14.4
geohydro_allkm_8,p06025,2012,66167,0.303
geohydro_allkm_8,p06025,2012,66168,1.0
geohydro_allkm_8,p06025,2012,66169,1.0
geohydro_allkm_8,p06025,2012,66170,0.6
geohydro_allkm_8,p06025,2012,66171,0.6
geohydro_allkm_9,p06025,2012,66541,3.0
geohydro_allkm_8,p06025,2012,66542,3.0
geohydro_allkm_8,p06025,2012,66543,3.8
geohydro_allkm_8,p06025,2012,66544,12.0
geohydro_allkm_7,p06025,2012,66545,3.8
geohydro_allkm_7,p06025,2012,66546,7.697
geohydro_allkm_8,p06025,2012,66547,5.3
geohydro_allkm_8,p06025,2012,66548,1.0
geohydro_allkm_8,p06025,2012,66549,0.8
geohydro_allkm_8,p06025,2012,66550,0.6
geohydro_allkm_8,p06025,2012,66551,0.6
geohydro_allkm_10,p06035,2012,98244,1.1
geohydro_allkm_9,p06025,2012,98283,3.8
geohydro_allkm_9,p06055,2012,98290,16.9
geohydro_allkm_9,p06025,2012,98296,1.0
geohydro_allkm_9,p16031,2012,98298,10.0
geohydro_allkm_8,p06011,2012,98309,12.2
geohydro_allkm_8,p32001,2012,98310,10.1
geohydro_allkm_8,p06025,2012,98314,14.4
geohydro_allkm_8,p06025,2012,98315,34.3
geohydro_allkm_7,p32001,2012,98321,0.8
geohydro_allkm_6,p32013,2012,98326,13.0
geohydro_allkm_6,p32001,2012,98328,10.0
geohydro_allkm_6,p32011,2012,98329,12.8
geohydro_allkm_5,p32001,2012,98331,56.0
geohydro_allkm_4,p06025,2012,98332,10.7
geohydro_allkm_4,p49001,2012,98333,23.0
geohydro_allkm_4,p06025,2012,98334,10.7
geohydro_allkm_3,p06027,2012,98339,30.0
geohydro_allkm_3,p06025,2012,98340,1.0
geohydro_allkm_2,p06033,2012,98341,29.2
geohydro_allkm_9,p32013,2013,33483,13.0
geohydro_allkm_9,p32013,2013,33484,13.0
geohydro_allkm_9,p06035,2013,34609,1.1
geohydro_allkm_9,p06033,2013,37246,9.0
geohydro_allkm_9,p06033,2013,37247,2.971
geohydro_allkm_9,p32001,2013,37274,6.3
geohydro_allkm_9,p32001,2013,37275,7.5
geohydro_allkm_9,p32001,2013,37276,4.3
geohydro_allkm_9,p06045,2013,37624,9.0
geohydro_allkm_9,p06045,2013,37625,19.0
geohydro_allkm_9,p06033,2013,37626,45.0
geohydro_allkm_9,p06033,2013,37627,50.0
geohydro_allkm_9,p06033,2013,37628,40.0
geohydro_allkm_9,p06033,2013,37629,19.0
geohydro_allkm_9,p32031,2013,37648,0.9
geohydro_allkm_9,p32031,2013,37649,5.4
geohydro_allkm_9,p32001,2013,37655,7.5
geohydro_allkm_9,p32001,2013,37656,7.3
geohydro_allkm_9,p06045,2013,38004,9.0
geohydro_allkm_9,p06045,2013,38005,15.8
geohydro_allkm_8,p06045,2013,38006,60.0
geohydro_allkm_8,p06033,2013,38007,60.0
geohydro_allkm_8,p06033,2013,38008,51.0
geohydro_allkm_9,p06033,2013,38009,40.0
geohydro_allkm_10,p06011,2013,38010,9.229
geohydro_allkm_9,p32031,2013,38028,9.0
geohydro_allkm_9,p32031,2013,38029,10.0
geohydro_allkm_9,p32031,2013,38030,5.4
geohydro_allkm_9,p32001,2013,38036,1.3
geohydro_allkm_10,p32001,2013,38037,1.2
geohydro_allkm_7,p06033,2013,38387,65.0
geohydro_allkm_8,p06033,2013,38388,60.0
geohydro_allkm_9,p06033,2013,38389,50.0
geohydro_allkm_10,p06113,2013,38390,21.815
geohydro_allkm_10,p06057,2013,38407,3.7
geohydro_allkm_9,p32031,2013,38408,10.0
geohydro_allkm_9,p32029,2013,38410,10.0
geohydro_allkm_9,p32001,2013,38415,1.3
geohydro_allkm_9,p32001,2013,38416,1.3
geohydro_allkm_10,p32001,2013,38417,10.1
geohydro_allkm_8,p06033,2013,38767,68.0
geohydro_allkm_9,p06033,2013,38768,60.0
geohydro_allkm_9,p06033,2013,38769,33.1
geohydro_allkm_10,p06055,2013,38770,0.131
geohydro_allkm_10,p32031,2013,38787,0.9
geohydro_allkm_9,p32031,2013,38788,10.0
geohydro_allkm_9,p32031,2013,38789,10.9
geohydro_allkm_9,p32029,2013,38790,5.4
geohydro_allkm_9,p32001,2013,38794,1.1
geohydro_allkm_9,p32001,2013,38795,1.3
geohydro_allkm_9,p32001,2013,38796,1.2
geohydro_allkm_9,p32001,2013,38797,10.1
geohydro_allkm_9,p32001,2013,38798,10.1
geohydro_allkm_9,p06055,2013,39148,50.0
geohydro_allkm_9,p06055,2013,39149,26.0
geohydro_allkm_9,p32019,2013,39169,5.4
geohydro_allkm_9,p32019,2013,39171,0.1
geohydro_allkm_10,p32019,2013,39172,0.4
geohydro_allkm_9,p32001,2013,39175,0.9
geohydro_allkm_9,p32001,2013,39176,0.9
geohydro_allkm_9,p06055,2013,39528,40.0
geohydro_allkm_9,p06055,2013,39529,25.0
geohydro_allkm_9,p32001,2013,39556,10.1
geohydro_allkm_9,p32001,2013,39557,10.1
geohydro_allkm_9,p06055,2013,39908,3.055
geohydro_allkm_9,p32019,2013,39933,0.4
geohydro_allkm_9,p06051,2013,44870,3.3
geohydro_allkm_9,p06051,2013,44871,3.3
geohydro_allkm_10,p06039,2013,45249,1.316
geohydro_allkm_9,p06051,2013,45250,3.8
geohydro_allkm_9,p06051,2013,45251,3.3
geohydro_allkm_9,p06051,2013,45252,3.3
geohydro_allkm_10,p06039,2013,45629,3.3
geohydro_allkm_9,p06051,2013,45630,4.6
geohydro_allkm_8,p06051,2013,45631,4.2
geohydro_allkm_9,p06051,2013,45632,1.984
geohydro_allkm_9,p49001,2013,45675,8.7
geohydro_allkm_9,p06019,2013,46010,0.893
geohydro_allkm_9,p06051,2013,46011,2.407
geohydro_allkm_9,p06051,2013,46012,3.3
geohydro_allkm_9,p49001,2013,46812,11.0
geohydro_allkm_9,p06027,2013,51713,23.4
geohydro_allkm_8,p06027,2013,51714,22.485
geohydro_allkm_8,p06027,2013,51715,9.27
geohydro_allkm_9,p06027,2013,51716,21.8
geohydro_allkm_9,p06027,2013,52093,20.851
geohydro_allkm_8,p06027,2013,52094,13.307
geohydro_allkm_8,p06027,2013,52095,10.495
geohydro_allkm_9,p06027,2013,52096,4.215
geohydro_allkm_10,p06107,2013,52472,13.76
geohydro_allkm_9,p06027,2013,52473,6.049
geohydro_allkm_8,p06027,2013,52474,3.698
geohydro_allkm_9,p06027,2013,52853,14.21
geohydro_allkm_9,p06027,2013,52854,27.0
geohydro_allkm_9,p06029,2013,53233,8.74
geohydro_allkm_9,p06027,2013,53234,0.021
geohydro_allkm_7,p06025,2013,63883,4.0
geohydro_allkm_7,p06025,2013,63884,10.0
geohydro_allkm_7,p06025,2013,63885,9.0
geohydro_allkm_7,p06025,2013,64263,29.0
geohydro_allkm_7,p06025,2013,64264,49.0
geohydro_allkm_7,p06025,2013,64265,42.0
geohydro_allkm_9,p06025,2013,64267,0.6
geohydro_allkm_9,p06025,2013,64268,0.6
geohydro_allkm_8,p06025,2013,64642,2.1
geohydro_allkm_8,p06025,2013,64643,44.0
geohydro_allkm_7,p06025,2013,64644,50.0
geohydro_allkm_7,p06025,2013,64645,46.0
geohydro_allkm_7,p06025,2013,64646,10.0
geohydro_allkm_9,p06025,2013,64647,0.6
geohydro_allkm_9,p06025,2013,64648,0.425
geohydro_allkm_9,p06025,2013,64649,0.6
geohydro_allkm_8,p06025,2013,65022,0.6
geohydro_allkm_8,p06025,2013,65023,17.0
geohydro_allkm_7,p06025,2013,65024,42.0
geohydro_allkm_7,p06025,2013,65025,10.7
geohydro_allkm_7,p06025,2013,65026,1.0
geohydro_allkm_9,p06025,2013,65028,0.8
geohydro_allkm_9,p06025,2013,65029,0.6
geohydro_allkm_9,p06025,2013,65030,0.6
geohydro_allkm_8,p06025,2013,65402,3.0
geohydro_allkm_8,p06025,2013,65403,3.0
geohydro_allkm_8,p06025,2013,65404,10.7
geohydro_allkm_7,p06025,2013,65405,10.7
geohydro_allkm_7,p06025,2013,65406,3.0
geohydro_allkm_8,p06025,2013,65407,1.0
geohydro_allkm_9,p06025,2013,65409,0.6
geohydro_allkm_8,p06025,2013,65410,0.175
geohydro_allkm_9,p06025,2013,65781,0.6
geohydro_allkm_8,p06025,2013,65782,3.0
geohydro_allkm_8,p06025,2013,65783,3.8
geohydro_allkm_8,p06025,2013,65784,3.8
geohydro_allkm_8,p06025,2013,65785,8.0
geohydro_allkm_7,p06025,2013,65786,8.0
geohydro_allkm_8,p06025,2013,65787,2.718
geohydro_allkm_8,p06025,2013,65788,1.0
geohydro_allkm_8,p06025,2013,65790,0.6
geohydro_allkm_8,p06025,2013,65791,0.6
geohydro_allkm_9,p06025,2013,66161,3.0
geohydro_allkm_8,p06025,2013,66162,3.8
geohydro_allkm_8,p06025,2013,66163,4.5
geohydro_allkm_8,p06025,2013,66164,12.0
geohydro_allkm_8,p06025,2013,66165,5.282
geohydro_allkm_7,p06025,2013,66166,14.4
geohydro_allkm_8,p06025,2013,66167,0.303
geohydro_allkm_8,p06025,2013,66168,1.0
geohydro_allkm_8,p06025,2013,66169,1.0
geohydro_allkm_8,p06025,2013,66170,0.6
geohydro_allkm_8,p06025,2013,66171,0.6
geohydro_allkm_9,p06025,2013,66541,3.0
geohydro_allkm_8,p06025,2013,66542,3.0
geohydro_allkm_8,p06025,2013,66543,3.8
geohydro_allkm_8,p06025,2013,66544,12.0
geohydro_allkm_7,p06025,2013,66545,3.8
geohydro_allkm_7,p06025,2013,66546,7.697
geohydro_allkm_8,p06025,2013,66547,5.3
geohydro_allkm_8,p06025,2013,66548,1.0
geohydro_allkm_8,p06025,2013,66549,0.8
geohydro_allkm_8,p06025,2013,66550,0.6
geohydro_allkm_8,p06025,2013,66551,0.6
geohydro_allkm_10,p06035,2013,98244,1.1
geohydro_allkm_9,p06025,2013,98283,3.8
geohydro_allkm_9,p06055,2013,98290,16.9
geohydro_allkm_9,p06025,2013,98296,1.0
geohydro_allkm_9,p16031,2013,98298,10.0
geohydro_allkm_8,p06011,2013,98309,12.2
geohydro_allkm_8,p32001,2013,98310,10.1
geohydro_allkm_8,p06025,2013,98314,14.4
geohydro_allkm_8,p06025,2013,98315,34.3
geohydro_allkm_7,p32001,2013,98321,0.8
geohydro_allkm_6,p32013,2013,98326,13.0
geohydro_allkm_6,p32001,2013,98328,10.0
geohydro_allkm_6,p32011,2013,98329,12.8
geohydro_allkm_5,p32001,2013,98331,56.0
geohydro_allkm_4,p06025,2013,98332,10.7
geohydro_allkm_4,p49001,2013,98333,23.0
geohydro_allkm_4,p06025,2013,98334,10.7
geohydro_allkm_3,p06027,2013,98339,30.0
geohydro_allkm_3,p06025,2013,98340,1.0
geohydro_allkm_2,p06033,2013,98341,29.2
geohydro_allkm_9,p32013,2014,33483,13.0
geohydro_allkm_9,p32013,2014,33484,13.0
geohydro_allkm_9,p06035,2014,34609,1.1
geohydro_allkm_9,p06033,2014,37246,9.0
geohydro_allkm_9,p06033,2014,37247,2.971
geohydro_allkm_9,p32001,2014,37274,6.3
geohydro_allkm_9,p32001,2014,37275,7.5
geohydro_allkm_9,p32001,2014,37276,4.3
geohydro_allkm_9,p06045,2014,37624,9.0
geohydro_allkm_9,p06045,2014,37625,19.0
geohydro_allkm_9,p06033,2014,37626,45.0
geohydro_allkm_9,p06033,2014,37627,50.0
geohydro_allkm_9,p06033,2014,37628,40.0
geohydro_allkm_9,p06033,2014,37629,19.0
geohydro_allkm_9,p32031,2014,37648,0.9
geohydro_allkm_9,p32031,2014,37649,5.4
geohydro_allkm_9,p32001,2014,37655,7.5
geohydro_allkm_9,p32001,2014,37656,7.3
geohydro_allkm_9,p06045,2014,38004,9.0
geohydro_allkm_9,p06045,2014,38005,15.8
geohydro_allkm_8,p06045,2014,38006,60.0
geohydro_allkm_8,p06033,2014,38007,60.0
geohydro_allkm_8,p06033,2014,38008,51.0
geohydro_allkm_9,p06033,2014,38009,40.0
geohydro_allkm_10,p06011,2014,38010,9.229
geohydro_allkm_9,p32031,2014,38028,9.0
geohydro_allkm_9,p32031,2014,38029,10.0
geohydro_allkm_9,p32031,2014,38030,5.4
geohydro_allkm_9,p32001,2014,38036,1.3
geohydro_allkm_10,p32001,2014,38037,1.2
geohydro_allkm_7,p06033,2014,38387,65.0
geohydro_allkm_8,p06033,2014,38388,60.0
geohydro_allkm_9,p06033,2014,38389,50.0
geohydro_allkm_10,p06113,2014,38390,21.815
geohydro_allkm_10,p06057,2014,38407,3.7
geohydro_allkm_9,p32031,2014,38408,10.0
geohydro_allkm_9,p32029,2014,38410,10.0
geohydro_allkm_9,p32001,2014,38415,1.3
geohydro_allkm_9,p32001,2014,38416,1.3
geohydro_allkm_10,p32001,2014,38417,10.1
geohydro_allkm_8,p06033,2014,38767,68.0
geohydro_allkm_9,p06033,2014,38768,60.0
geohydro_allkm_9,p06033,2014,38769,33.1
geohydro_allkm_10,p06055,2014,38770,0.131
geohydro_allkm_10,p32031,2014,38787,0.9
geohydro_allkm_9,p32031,2014,38788,10.0
geohydro_allkm_9,p32031,2014,38789,10.9
geohydro_allkm_9,p32029,2014,38790,5.4
geohydro_allkm_9,p32001,2014,38794,1.1
geohydro_allkm_9,p32001,2014,38795,1.3
geohydro_allkm_9,p32001,2014,38796,1.2
geohydro_allkm_9,p32001,2014,38797,10.1
geohydro_allkm_9,p32001,2014,38798,10.1
geohydro_allkm_9,p06055,2014,39148,50.0
geohydro_allkm_9,p06055,2014,39149,26.0
geohydro_allkm_9,p32019,2014,39169,5.4
geohydro_allkm_9,p32019,2014,39171,0.1
geohydro_allkm_10,p32019,2014,39172,0.4
geohydro_allkm_9,p32001,2014,39175,0.9
geohydro_allkm_9,p32001,2014,39176,0.9
geohydro_allkm_9,p06055,2014,39528,40.0
geohydro_allkm_9,p06055,2014,39529,25.0
geohydro_allkm_9,p32001,2014,39556,10.1
geohydro_allkm_9,p32001,2014,39557,10.1
geohydro_allkm_9,p06055,2014,39908,3.055
geohydro_allkm_9,p32019,2014,39933,0.4
geohydro_allkm_9,p06051,2014,44870,3.3
geohydro_allkm_9,p06051,2014,44871,3.3
geohydro_allkm_10,p06039,2014,45249,1.316
geohydro_allkm_9,p06051,2014,45251,3.3
geohydro_allkm_9,p06051,2014,45252,3.3
geohydro_allkm_10,p06039,2014,45629,3.3
geohydro_allkm_9,p06051,2014,45632,1.984
geohydro_allkm_9,p49001,2014,45675,8.7
geohydro_allkm_9,p06019,2014,46010,0.893
geohydro_allkm_9,p06051,2014,46011,2.407
geohydro_allkm_9,p06051,2014,46012,3.3
geohydro_allkm_9,p06027,2014,51713,23.4
geohydro_allkm_8,p06027,2014,51714,22.485
geohydro_allkm_8,p06027,2014,51715,9.27
geohydro_allkm_9,p06027,2014,51716,21.8
geohydro_allkm_9,p06027,2014,52093,20.851
geohydro_allkm_8,p06027,2014,52094,13.307
geohydro_allkm_8,p06027,2014,52095,10.495
geohydro_allkm_9,p06027,2014,52096,4.215
geohydro_allkm_10,p06107,2014,52472,13.76
geohydro_allkm_9,p06027,2014,52473,6.049
geohydro_allkm_8,p06027,2014,52474,3.698
geohydro_allkm_9,p06027,2014,52853,14.21
geohydro_allkm_9,p06027,2014,52854,27.0
geohydro_allkm_9,p06029,2014,53233,8.74
geohydro_allkm_9,p06027,2014,53234,0.021
geohydro_allkm_7,p06025,2014,63883,4.0
geohydro_allkm_7,p06025,2014,63884,10.0
geohydro_allkm_7,p06025,2014,63885,9.0
geohydro_allkm_7,p06025,2014,64263,29.0
geohydro_allkm_7,p06025,2014,64264,49.0
geohydro_allkm_7,p06025,2014,64265,42.0
geohydro_allkm_9,p06025,2014,64267,0.6
geohydro_allkm_9,p06025,2014,64268,0.6
geohydro_allkm_8,p06025,2014,64642,2.1
geohydro_allkm_8,p06025,2014,64643,44.0
geohydro_allkm_7,p06025,2014,64644,50.0
geohydro_allkm_7,p06025,2014,64645,46.0
geohydro_allkm_7,p06025,2014,64646,10.0
geohydro_allkm_9,p06025,2014,64647,0.6
geohydro_allkm_9,p06025,2014,64648,0.425
geohydro_allkm_9,p06025,2014,64649,0.6
geohydro_allkm_8,p06025,2014,65022,0.6
geohydro_allkm_8,p06025,2014,65023,17.0
geohydro_allkm_7,p06025,2014,65024,42.0
geohydro_allkm_7,p06025,2014,65025,10.7
geohydro_allkm_7,p06025,2014,65026,1.0
geohydro_allkm_9,p06025,2014,65028,0.8
geohydro_allkm_9,p06025,2014,65029,0.6
geohydro_allkm_9,p06025,2014,65030,0.6
geohydro_allkm_8,p06025,2014,65402,3.0
geohydro_allkm_8,p06025,2014,65403,3.0
geohydro_allkm_8,p06025,2014,65404,10.7
geohydro_allkm_7,p06025,2014,65405,10.7
geohydro_allkm_7,p06025,2014,65406,3.0
geohydro_allkm_8,p06025,2014,65407,1.0
geohydro_allkm_9,p06025,2014,65409,0.6
geohydro_allkm_8,p06025,2014,65410,0.175
geohydro_allkm_9,p06025,2014,65781,0.6
geohydro_allkm_8,p06025,2014,65782,3.0
geohydro_allkm_8,p06025,2014,65783,3.8
geohydro_allkm_8,p06025,2014,65784,3.8
geohydro_allkm_8,p06025,2014,65785,8.0
geohydro_allkm_7,p06025,2014,65786,8.0
geohydro_allkm_8,p06025,2014,65787,2.718
geohydro_allkm_8,p06025,2014,65788,1.0
geohydro_allkm_8,p06025,2014,65790,0.6
geohydro_allkm_8,p06025,2014,65791,0.6
geohydro_allkm_9,p06025,2014,66161,3.0
geohydro_allkm_8,p06025,2014,66162,3.8
geohydro_allkm_8,p06025,2014,66163,4.5
geohydro_allkm_8,p06025,2014,66164,12.0
geohydro_allkm_8,p06025,2014,66165,5.282
geohydro_allkm_7,p06025,2014,66166,14.4
geohydro_allkm_8,p06025,2014,66167,0.303
geohydro_allkm_8,p06025,2014,66168,1.0
geohydro_allkm_8,p06025,2014,66169,1.0
geohydro_allkm_8,p06025,2014,66170,0.6
geohydro_allkm_8,p06025,2014,66171,0.6
geohydro_allkm_9,p06025,2014,66541,3.0
geohydro_allkm_8,p06025,2014,66542,3.0
geohydro_allkm_8,p06025,2014,66543,3.8
geohydro_allkm_8,p06025,2014,66544,12.0
geohydro_allkm_7,p06025,2014,66545,3.8
geohydro_allkm_7,p06025,2014,66546,7.697
geohydro_allkm_8,p06025,2014,66547,5.3
geohydro_allkm_8,p06025,2014,66548,1.0
geohydro_allkm_8,p06025,2014,66549,0.8
geohydro_allkm_8,p06025,2014,66550,0.6
geohydro_allkm_8,p06025,2014,66551,0.6
geohydro_allkm_10,p06035,2014,98244,1.1
geohydro_allkm_9,p06025,2014,98283,3.8
geohydro_allkm_9,p06055,2014,98290,16.9
geohydro_allkm_9,p06025,2014,98296,1.0
geohydro_allkm_9,p16031,2014,98298,10.0
geohydro_allkm_8,p06011,2014,98309,12.2
geohydro_allkm_8,p32001,2014,98310,10.1
geohydro_allkm_8,p06025,2014,98314,14.4
geohydro_allkm_8,p06025,2014,98315,34.3
geohydro_allkm_7,p32001,2014,98321,0.8
geohydro_allkm_6,p32013,2014,98326,13.0
geohydro_allkm_6,p32001,2014,98328,10.0
geohydro_allkm_6,p32011,2014,98329,12.8
geohydro_allkm_5,p32001,2014,98331,56.0
geohydro_allkm_4,p06025,2014,98332,10.7
geohydro_allkm_4,p49001,2014,98333,23.0
geohydro_allkm_4,p06025,2014,98334,10.7
geohydro_allkm_3,p06027,2014,98339,30.0
geohydro_allkm_3,p06025,2014,98340,1.0
geohydro_allkm_2,p06033,2014,98341,29.2
geohydro_allkm_9,p32013,2015,33483,13.0
geohydro_allkm_9,p32013,2015,33484,13.0
geohydro_allkm_9,p06035,2015,34609,1.1
geohydro_allkm_9,p06033,2015,37246,9.0
geohydro_allkm_9,p06033,2015,37247,2.971
geohydro_allkm_9,p32001,2015,37274,6.3
geohydro_allkm_9,p32001,2015,37275,7.5
geohydro_allkm_9,p32001,2015,37276,4.3
geohydro_allkm_9,p06045,2015,37624,9.0
geohydro_allkm_9,p06045,2015,37625,19.0
geohydro_allkm_9,p06033,2015,37626,45.0
geohydro_allkm_9,p06033,2015,37627,50.0
geohydro_allkm_9,p06033,2015,37628,40.0
geohydro_allkm_9,p06033,2015,37629,19.0
geohydro_allkm_9,p32031,2015,37648,0.9
geohydro_allkm_9,p32031,2015,37649,5.4
geohydro_allkm_9,p32001,2015,37655,7.5
geohydro_allkm_9,p32001,2015,37656,7.3
geohydro_allkm_9,p06045,2015,38004,9.0
geohydro_allkm_9,p06045,2015,38005,15.8
geohydro_allkm_8,p06045,2015,38006,60.0
geohydro_allkm_8,p06033,2015,38007,60.0
geohydro_allkm_8,p06033,2015,38008,51.0
geohydro_allkm_9,p06033,2015,38009,40.0
geohydro_allkm_10,p06011,2015,38010,9.229
geohydro_allkm_9,p32031,2015,38028,9.0
geohydro_allkm_9,p32031,2015,38029,10.0
geohydro_allkm_9,p32031,2015,38030,5.4
geohydro_allkm_9,p32001,2015,38036,1.3
geohydro_allkm_10,p32001,2015,38037,1.2
geohydro_allkm_7,p06033,2015,38387,65.0
geohydro_allkm_8,p06033,2015,38388,60.0
geohydro_allkm_9,p06033,2015,38389,50.0
geohydro_allkm_10,p06113,2015,38390,21.815
geohydro_allkm_10,p06057,2015,38407,3.7
geohydro_allkm_9,p32031,2015,38408,10.0
geohydro_allkm_9,p32029,2015,38410,10.0
geohydro_allkm_9,p32001,2015,38415,1.3
geohydro_allkm_9,p32001,2015,38416,1.3
geohydro_allkm_10,p32001,2015,38417,10.1
geohydro_allkm_8,p06033,2015,38767,68.0
geohydro_allkm_9,p06033,2015,38768,60.0
geohydro_allkm_9,p06033,2015,38769,33.1
geohydro_allkm_10,p06055,2015,38770,0.131
geohydro_allkm_10,p32031,2015,38787,0.9
geohydro_allkm_9,p32031,2015,38788,10.0
geohydro_allkm_9,p32031,2015,38789,10.9
geohydro_allkm_9,p32029,2015,38790,5.4
geohydro_allkm_9,p32001,2015,38794,1.1
geohydro_allkm_9,p32001,2015,38795,1.3
geohydro_allkm_9,p32001,2015,38796,1.2
geohydro_allkm_9,p32001,2015,38797,10.1
geohydro_allkm_9,p32001,2015,38798,10.1
geohydro_allkm_9,p06055,2015,39148,50.0
geohydro_allkm_9,p06055,2015,39149,26.0
geohydro_allkm_9,p32019,2015,39169,5.4
geohydro_allkm_9,p32019,2015,39171,0.1
geohydro_allkm_10,p32019,2015,39172,0.4
geohydro_allkm_9,p32001,2015,39175,0.9
geohydro_allkm_9,p32001,2015,39176,0.9
geohydro_allkm_9,p06055,2015,39528,40.0
geohydro_allkm_9,p06055,2015,39529,25.0
geohydro_allkm_9,p32001,2015,39556,10.1
geohydro_allkm_9,p32001,2015,39557,10.1
geohydro_allkm_9,p06055,2015,39908,3.055
geohydro_allkm_9,p32019,2015,39933,0.4
geohydro_allkm_9,p06051,2015,44870,3.3
geohydro_allkm_9,p06051,2015,44871,3.3
geohydro_allkm_10,p06039,2015,45249,1.316
geohydro_allkm_9,p06051,2015,45251,3.3
geohydro_allkm_9,p06051,2015,45252,3.3
geohydro_allkm_10,p06039,2015,45629,3.3
geohydro_allkm_9,p06051,2015,45632,1.984
geohydro_allkm_9,p49001,2015,45675,8.7
geohydro_allkm_9,p06019,2015,46010,0.893
geohydro_allkm_9,p06051,2015,46011,2.407
geohydro_allkm_9,p06051,2015,46012,3.3
geohydro_allkm_9,p06027,2015,51713,23.4
geohydro_allkm_8,p06027,2015,51714,22.485
geohydro_allkm_8,p06027,2015,51715,9.27
geohydro_allkm_9,p06027,2015,51716,21.8
geohydro_allkm_9,p06027,2015,52093,20.851
geohydro_allkm_8,p06027,2015,52094,13.307
geohydro_allkm_8,p06027,2015,52095,10.495
geohydro_allkm_9,p06027,2015,52096,4.215
geohydro_allkm_10,p06107,2015,52472,13.76
geohydro_allkm_9,p06027,2015,52473,6.049
geohydro_allkm_8,p06027,2015,52474,3.698
geohydro_allkm_9,p06027,2015,52853,14.21
geohydro_allkm_9,p06027,2015,52854,27.0
geohydro_allkm_9,p06029,2015,53233,8.74
geohydro_allkm_9,p06027,2015,53234,0.021
geohydro_allkm_7,p06025,2015,63883,4.0
geohydro_allkm_7,p06025,2015,63884,10.0
geohydro_allkm_7,p06025,2015,63885,9.0
geohydro_allkm_7,p06025,2015,64263,29.0
geohydro_allkm_7,p06025,2015,64264,49.0
geohydro_allkm_7,p06025,2015,64265,42.0
geohydro_allkm_9,p06025,2015,64267,0.6
geohydro_allkm_9,p06025,2015,64268,0.6
geohydro_allkm_8,p06025,2015,64642,2.1
geohydro_allkm_8,p06025,2015,64643,44.0
geohydro_allkm_7,p06025,2015,64644,50.0
geohydro_allkm_7,p06025,2015,64645,46.0
geohydro_allkm_7,p06025,2015,64646,10.0
geohydro_allkm_9,p06025,2015,64647,0.6
geohydro_allkm_9,p06025,2015,64648,0.425
geohydro_allkm_9,p06025,2015,64649,0.6
geohydro_allkm_8,p06025,2015,65022,0.6
geohydro_allkm_8,p06025,2015,65023,17.0
geohydro_allkm_7,p06025,2015,65024,42.0
geohydro_allkm_7,p06025,2015,65025,10.7
geohydro_allkm_7,p06025,2015,65026,1.0
geohydro_allkm_9,p06025,2015,65028,0.8
geohydro_allkm_9,p06025,2015,65029,0.6
geohydro_allkm_9,p06025,2015,65030,0.6
geohydro_allkm_8,p06025,2015,65402,3.0
geohydro_allkm_8,p06025,2015,65403,3.0
geohydro_allkm_8,p06025,2015,65404,10.7
geohydro_allkm_7,p06025,2015,65405,10.7
geohydro_allkm_7,p06025,2015,65406,3.0
geohydro_allkm_8,p06025,2015,65407,1.0
geohydro_allkm_9,p06025,2015,65409,0.6
geohydro_allkm_8,p06025,2015,65410,0.175
geohydro_allkm_9,p06025,2015,65781,0.6
geohydro_allkm_8,p06025,2015,65782,3.0
geohydro_allkm_8,p06025,2015,65783,3.8
geohydro_allkm_8,p06025,2015,65784,3.8
geohydro_allkm_8,p06025,2015,65785,8.0
geohydro_allkm_7,p06025,2015,65786,8.0
geohydro_allkm_8,p06025,2015,65787,2.718
geohydro_allkm_8,p06025,2015,65788,1.0
geohydro_allkm_8,p06025,2015,65790,0.6
geohydro_allkm_8,p06025,2015,65791,0.6
geohydro_allkm_9,p06025,2015,66161,3.0
geohydro_allkm_8,p06025,2015,66162,3.8
geohydro_allkm_8,p06025,2015,66163,4.5
geohydro_allkm_8,p06025,2015,66164,12.0
geohydro_allkm_8,p06025,2015,66165,5.282
geohydro_allkm_7,p06025,2015,66166,14.4
geohydro_allkm_8,p06025,2015,66167,0.303
geohydro_allkm_8,p06025,2015,66168,1.0
geohydro_allkm_8,p06025,2015,66169,1.0
geohydro_allkm_8,p06025,2015,66170,0.6
geohydro_allkm_8,p06025,2015,66171,0.6
geohydro_allkm_9,p06025,2015,66541,3.0
geohydro_allkm_8,p06025,2015,66542,3.0
geohydro_allkm_8,p06025,2015,66543,3.8
geohydro_allkm_8,p06025,2015,66544,12.0
geohydro_allkm_7,p06025,2015,66545,3.8
geohydro_allkm_7,p06025,2015,66546,7.697
geohydro_allkm_8,p06025,2015,66547,5.3
geohydro_allkm_8,p06025,2015,66548,1.0
geohydro_allkm_8,p06025,2015,66549,0.8
geohydro_allkm_8,p06025,2015,66550,0.6
geohydro_allkm_8,p06025,2015,66551,0.6
geohydro_allkm_10,p06035,2015,98244,1.1
geohydro_allkm_9,p06025,2015,98283,3.8
geohydro_allkm_9,p06055,2015,98290,16.9
geohydro_allkm_9,p06025,2015,98296,1.0
geohydro_allkm_9,p16031,2015,98298,10.0
geohydro_allkm_8,p06011,2015,98309,12.2
geohydro_allkm_8,p32001,2015,98310,10.1
geohydro_allkm_8,p06025,2015,98314,14.4
geohydro_allkm_8,p06025,2015,98315,34.3
geohydro_allkm_7,p32001,2015,98321,0.8
geohydro_allkm_6,p32013,2015,98326,13.0
geohydro_allkm_6,p32001,2015,98328,10.0
geohydro_allkm_6,p32011,2015,98329,12.8
geohydro_allkm_5,p32001,2015,98331,56.0
geohydro_allkm_4,p06025,2015,98332,10.7
geohydro_allkm_4,p49001,2015,98333,23.0
geohydro_allkm_4,p06025,2015,98334,10.7
geohydro_allkm_3,p06027,2015,98339,30.0
geohydro_allkm_3,p06025,2015,98340,1.0
geohydro_allkm_2,p06033,2015,98341,29.2
geohydro_allkm_9,p32013,2016,33483,13.0
geohydro_allkm_9,p32013,2016,33484,13.0
geohydro_allkm_9,p06035,2016,34609,1.1
geohydro_allkm_9,p06033,2016,37246,9.0
geohydro_allkm_9,p32001,2016,37274,6.3
geohydro_allkm_9,p32001,2016,37275,7.5
geohydro_allkm_9,p32001,2016,37276,4.3
geohydro_allkm_9,p06045,2016,37624,9.0
geohydro_allkm_9,p06045,2016,37625,19.0
geohydro_allkm_9,p06033,2016,37626,45.0
geohydro_allkm_9,p06033,2016,37627,50.0
geohydro_allkm_9,p06033,2016,37628,40.0
geohydro_allkm_9,p06033,2016,37629,19.0
geohydro_allkm_9,p32031,2016,37648,0.9
geohydro_allkm_9,p32031,2016,37649,5.4
geohydro_allkm_9,p32001,2016,37655,7.5
geohydro_allkm_9,p32001,2016,37656,7.3
geohydro_allkm_9,p06045,2016,38004,9.0
geohydro_allkm_9,p06045,2016,38005,15.8
geohydro_allkm_8,p06045,2016,38006,60.0
geohydro_allkm_8,p06033,2016,38007,60.0
geohydro_allkm_8,p06033,2016,38008,51.0
geohydro_allkm_9,p06033,2016,38009,40.0
geohydro_allkm_9,p32031,2016,38028,9.0
geohydro_allkm_9,p32031,2016,38029,10.0
geohydro_allkm_9,p32031,2016,38030,5.4
geohydro_allkm_9,p32001,2016,38036,1.3
geohydro_allkm_10,p32001,2016,38037,1.2
geohydro_allkm_7,p06033,2016,38387,65.0
geohydro_allkm_8,p06033,2016,38388,60.0
geohydro_allkm_9,p06033,2016,38389,50.0
geohydro_allkm_10,p06113,2016,38390,21.815
geohydro_allkm_10,p06057,2016,38407,3.7
geohydro_allkm_9,p32031,2016,38408,10.0
geohydro_allkm_9,p32029,2016,38410,10.0
geohydro_allkm_9,p32001,2016,38415,1.3
geohydro_allkm_9,p32001,2016,38416,1.3
geohydro_allkm_10,p32001,2016,38417,10.1
geohydro_allkm_8,p06033,2016,38767,68.0
geohydro_allkm_9,p06033,2016,38768,60.0
geohydro_allkm_9,p06033,2016,38769,33.1
geohydro_allkm_10,p06055,2016,38770,0.131
geohydro_allkm_10,p32031,2016,38787,0.9
geohydro_allkm_9,p32031,2016,38788,10.0
geohydro_allkm_9,p32031,2016,38789,10.9
geohydro_allkm_9,p32029,2016,38790,5.4
geohydro_allkm_9,p32001,2016,38794,1.1
geohydro_allkm_9,p32001,2016,38795,1.3
geohydro_allkm_9,p32001,2016,38796,1.2
geohydro_allkm_9,p32001,2016,38797,10.1
geohydro_allkm_9,p32001,2016,38798,10.1
geohydro_allkm_9,p06055,2016,39148,50.0
geohydro_allkm_9,p06055,2016,39149,26.0
geohydro_allkm_9,p32019,2016,39169,5.4
geohydro_allkm_9,p32019,2016,39171,0.1
geohydro_allkm_10,p32019,2016,39172,0.4
geohydro_allkm_9,p32001,2016,39175,0.9
geohydro_allkm_9,p32001,2016,39176,0.9
geohydro_allkm_9,p06055,2016,39528,40.0
geohydro_allkm_9,p06055,2016,39529,25.0
geohydro_allkm_9,p32001,2016,39556,10.1
geohydro_allkm_9,p32001,2016,39557,10.1
geohydro_allkm_9,p06055,2016,39908,3.055
geohydro_allkm_9,p32019,2016,39933,0.4
geohydro_allkm_9,p06051,2016,44870,3.3
geohydro_allkm_9,p06051,2016,44871,3.3
geohydro_allkm_10,p06039,2016,45249,1.316
geohydro_allkm_9,p06051,2016,45251,3.3
geohydro_allkm_9,p06051,2016,45252,3.3
geohydro_allkm_10,p06039,2016,45629,3.3
geohydro_allkm_9,p06051,2016,45632,1.984
geohydro_allkm_9,p49001,2016,45675,8.7
geohydro_allkm_9,p06019,2016,46010,0.893
geohydro_allkm_9,p06051,2016,46011,2.407
geohydro_allkm_9,p06051,2016,46012,3.3
geohydro_allkm_9,p06027,2016,51713,23.4
geohydro_allkm_8,p06027,2016,51714,22.485
geohydro_allkm_8,p06027,2016,51715,9.27
geohydro_allkm_9,p06027,2016,51716,21.8
geohydro_allkm_9,p06027,2016,52093,20.851
geohydro_allkm_8,p06027,2016,52094,13.307
geohydro_allkm_8,p06027,2016,52095,10.495
geohydro_allkm_9,p06027,2016,52096,4.215
geohydro_allkm_10,p06107,2016,52472,13.76
geohydro_allkm_9,p06027,2016,52473,6.049
geohydro_allkm_8,p06027,2016,52474,3.698
geohydro_allkm_9,p06027,2016,52853,14.21
geohydro_allkm_9,p06027,2016,52854,27.0
geohydro_allkm_9,p06029,2016,53233,8.74
geohydro_allkm_9,p06027,2016,53234,0.021
geohydro_allkm_7,p06025,2016,63883,4.0
geohydro_allkm_7,p06025,2016,63884,10.0
geohydro_allkm_7,p06025,2016,63885,9.0
geohydro_allkm_7,p06025,2016,64263,29.0
geohydro_allkm_7,p06025,2016,64264,49.0
geohydro_allkm_7,p06025,2016,64265,42.0
geohydro_allkm_9,p06025,2016,64267,0.6
geohydro_allkm_9,p06025,2016,64268,0.6
geohydro_allkm_8,p06025,2016,64642,2.1
geohydro_allkm_8,p06025,2016,64643,44.0
geohydro_allkm_7,p06025,2016,64644,50.0
geohydro_allkm_7,p06025,2016,64645,46.0
geohydro_allkm_7,p06025,2016,64646,10.0
geohydro_allkm_9,p06025,2016,64647,0.6
geohydro_allkm_9,p06025,2016,64648,0.425
geohydro_allkm_9,p06025,2016,64649,0.6
geohydro_allkm_8,p06025,2016,65022,0.6
geohydro_allkm_8,p06025,2016,65023,17.0
geohydro_allkm_7,p06025,2016,65024,42.0
geohydro_allkm_7,p06025,2016,65025,10.7
geohydro_allkm_7,p06025,2016,65026,1.0
geohydro_allkm_9,p06025,2016,65028,0.8
geohydro_allkm_9,p06025,2016,65029,0.6
geohydro_allkm_9,p06025,2016,65030,0.6
geohydro_allkm_8,p06025,2016,65402,3.0
geohydro_allkm_8,p06025,2016,65403,3.0
geohydro_allkm_8,p06025,2016,65404,10.7
geohydro_allkm_7,p06025,2016,65405,10.7
geohydro_allkm_7,p06025,2016,65406,3.0
geohydro_allkm_8,p06025,2016,65407,1.0
geohydro_allkm_9,p06025,2016,65409,0.6
geohydro_allkm_8,p06025,2016,65410,0.175
geohydro_allkm_9,p06025,2016,65781,0.6
geohydro_allkm_8,p06025,2016,65782,3.0
geohydro_allkm_8,p06025,2016,65783,3.8
geohydro_allkm_8,p06025,2016,65784,3.8
geohydro_allkm_8,p06025,2016,65785,8.0
geohydro_allkm_7,p06025,2016,65786,8.0
geohydro_allkm_8,p06025,2016,65787,2.718
geohydro_allkm_8,p06025,2016,65788,1.0
geohydro_allkm_8,p06025,2016,65790,0.6
geohydro_allkm_8,p06025,2016,65791,0.6
geohydro_allkm_9,p06025,2016,66161,3.0
geohydro_allkm_8,p06025,2016,66162,3.8
geohydro_allkm_8,p06025,2016,66163,4.5
geohydro_allkm_8,p06025,2016,66164,12.0
geohydro_allkm_8,p06025,2016,66165,5.282
geohydro_allkm_7,p06025,2016,66166,14.4
geohydro_allkm_8,p06025,2016,66167,0.303
geohydro_allkm_8,p06025,2016,66168,1.0
geohydro_allkm_8,p06025,2016,66169,1.0
geohydro_allkm_8,p06025,2016,66170,0.6
geohydro_allkm_8,p06025,2016,66171,0.6
geohydro_allkm_9,p06025,2016,66541,3.0
geohydro_allkm_8,p06025,2016,66542,3.0
geohydro_allkm_8,p06025,2016,66543,3.8
geohydro_allkm_8,p06025,2016,66544,12.0
geohydro_allkm_7,p06025,2016,66545,3.8
geohydro_allkm_7,p06025,2016,66546,7.697
geohydro_allkm_8,p06025,2016,66547,5.3
geohydro_allkm_8,p06025,2016,66548,1.0
geohydro_allkm_8,p06025,2016,66549,0.8
geohydro_allkm_8,p06025,2016,66550,0.6
geohydro_allkm_8,p06025,2016,66551,0.6
geohydro_allkm_10,p06035,2016,98244,1.1
geohydro_allkm_9,p06025,2016,98283,3.8
geohydro_allkm_9,p06055,2016,98290,16.9
geohydro_allkm_9,p06025,2016,98296,1.0
geohydro_allkm_9,p16031,2016,98298,10.0
geohydro_allkm_8,p32001,2016,98310,10.1
geohydro_allkm_8,p06025,2016,98314,14.4
geohydro_allkm_8,p06025,2016,98315,34.3
geohydro_allkm_7,p32001,2016,98321,0.8
geohydro_allkm_6,p32013,2016,98326,13.0
geohydro_allkm_6,p32001,2016,98328,10.0
geohydro_allkm_6,p32011,2016,98329,12.8
geohydro_allkm_5,p32001,2016,98331,56.0
geohydro_allkm_4,p06025,2016,98332,10.7
geohydro_allkm_4,p49001,2016,98333,23.0
geohydro_allkm_4,p06025,2016,98334,10.7
geohydro_allkm_3,p06027,2016,98339,30.0
geohydro_allkm_3,p06025,2016,98340,1.0
geohydro_allkm_2,p06033,2016,98341,29.2
geohydro_allkm_9,p32013,2017,33483,13.0
geohydro_allkm_9,p32013,2017,33484,13.0
geohydro_allkm_9,p06035,2017,34609,1.1
geohydro_allkm_9,p06033,2017,37246,9.0
geohydro_allkm_9,p32001,2017,37274,6.3
geohydro_allkm_9,p32001,2017,37275,7.5
geohydro_allkm_9,p32001,2017,37276,4.3
geohydro_allkm_9,p06045,2017,37624,9.0
geohydro_allkm_9,p06033,2017,37626,45.0
geohydro_allkm_9,p06033,2017,37627,50.0
geohydro_allkm_9,p06033,2017,37628,40.0
geohydro_allkm_9,p32031,2017,37648,0.9
geohydro_allkm_9,p32031,2017,37649,5.4
geohydro_allkm_9,p32001,2017,37655,7.5
geohydro_allkm_9,p32001,2017,37656,7.3
geohydro_allkm_9,p06045,2017,38004,9.0
geohydro_allkm_9,p06045,2017,38005,15.8
geohydro_allkm_8,p06045,2017,38006,60.0
geohydro_allkm_8,p06033,2017,38007,60.0
geohydro_allkm_8,p06033,2017,38008,51.0
geohydro_allkm_9,p06033,2017,38009,40.0
geohydro_allkm_9,p32031,2017,38028,9.0
geohydro_allkm_9,p32031,2017,38029,10.0
geohydro_allkm_9,p32031,2017,38030,5.4
geohydro_allkm_9,p32001,2017,38036,1.3
geohydro_allkm_10,p32001,2017,38037,1.2
geohydro_allkm_7,p06033,2017,38387,65.0
geohydro_allkm_8,p06033,2017,38388,60.0
geohydro_allkm_9,p06033,2017,38389,50.0
geohydro_allkm_10,p06113,2017,38390,21.815
geohydro_allkm_10,p06057,2017,38407,3.7
geohydro_allkm_9,p32031,2017,38408,10.0
geohydro_allkm_9,p32029,2017,38410,10.0
geohydro_allkm_9,p32001,2017,38415,1.3
geohydro_allkm_9,p32001,2017,38416,1.3
geohydro_allkm_10,p32001,2017,38417,10.1
geohydro_allkm_8,p06033,2017,38767,68.0
geohydro_allkm_9,p06033,2017,38768,60.0
geohydro_allkm_9,p06033,2017,38769,33.1
geohydro_allkm_10,p06055,2017,38770,0.131
geohydro_allkm_10,p32031,2017,38787,0.9
geohydro_allkm_9,p32031,2017,38788,10.0
geohydro_allkm_9,p32031,2017,38789,10.9
geohydro_allkm_9,p32029,2017,38790,5.4
geohydro_allkm_9,p32001,2017,38794,1.1
geohydro_allkm_9,p32001,2017,38795,1.3
geohydro_allkm_9,p32001,2017,38796,1.2
geohydro_allkm_9,p32001,2017,38797,10.1
geohydro_allkm_9,p32001,2017,38798,10.1
geohydro_allkm_9,p06055,2017,39148,50.0
geohydro_allkm_9,p06055,2017,39149,26.0
geohydro_allkm_9,p32019,2017,39169,5.4
geohydro_allkm_9,p32019,2017,39171,0.1
geohydro_allkm_10,p32019,2017,39172,0.4
geohydro_allkm_9,p32001,2017,39175,0.9
geohydro_allkm_9,p32001,2017,39176,0.9
geohydro_allkm_9,p06055,2017,39528,40.0
geohydro_allkm_9,p06055,2017,39529,25.0
geohydro_allkm_9,p32001,2017,39556,10.1
geohydro_allkm_9,p32001,2017,39557,10.1
geohydro_allkm_9,p06055,2017,39908,3.055
geohydro_allkm_9,p32019,2017,39933,0.4
geohydro_allkm_9,p06051,2017,44870,3.3
geohydro_allkm_9,p06051,2017,44871,3.3
geohydro_allkm_10,p06039,2017,45249,1.316
geohydro_allkm_9,p06051,2017,45251,3.3
geohydro_allkm_9,p06051,2017,45252,3.3
geohydro_allkm_10,p06039,2017,45629,3.3
geohydro_allkm_9,p06051,2017,45632,1.984
geohydro_allkm_9,p49001,2017,45675,8.7
geohydro_allkm_9,p06019,2017,46010,0.893
geohydro_allkm_9,p06051,2017,46011,2.407
geohydro_allkm_9,p06051,2017,46012,3.3
geohydro_allkm_9,p06027,2017,51713,23.4
geohydro_allkm_8,p06027,2017,51714,22.485
geohydro_allkm_8,p06027,2017,51715,9.27
geohydro_allkm_9,p06027,2017,51716,21.8
geohydro_allkm_9,p06027,2017,52093,20.851
geohydro_allkm_8,p06027,2017,52094,13.307
geohydro_allkm_8,p06027,2017,52095,10.495
geohydro_allkm_9,p06027,2017,52096,4.215
geohydro_allkm_10,p06107,2017,52472,13.76
geohydro_allkm_9,p06027,2017,52473,6.049
geohydro_allkm_8,p06027,2017,52474,3.698
geohydro_allkm_9,p06027,2017,52853,14.21
geohydro_allkm_9,p06027,2017,52854,27.0
geohydro_allkm_9,p06029,2017,53233,8.74
geohydro_allkm_9,p06027,2017,53234,0.021
geohydro_allkm_7,p06025,2017,63883,4.0
geohydro_allkm_7,p06025,2017,63884,10.0
geohydro_allkm_7,p06025,2017,63885,9.0
geohydro_allkm_7,p06025,2017,64263,29.0
geohydro_allkm_7,p06025,2017,64264,49.0
geohydro_allkm_7,p06025,2017,64265,42.0
geohydro_allkm_9,p06025,2017,64267,0.6
geohydro_allkm_9,p06025,2017,64268,0.6
geohydro_allkm_8,p06025,2017,64642,2.1
geohydro_allkm_8,p06025,2017,64643,44.0
geohydro_allkm_7,p06025,2017,64644,50.0
geohydro_allkm_7,p06025,2017,64645,46.0
geohydro_allkm_7,p06025,2017,64646,10.0
geohydro_allkm_9,p06025,2017,64647,0.6
geohydro_allkm_9,p06025,2017,64648,0.425
geohydro_allkm_9,p06025,2017,64649,0.6
geohydro_allkm_8,p06025,2017,65022,0.6
geohydro_allkm_8,p06025,2017,65023,17.0
geohydro_allkm_7,p06025,2017,65024,42.0
geohydro_allkm_7,p06025,2017,65025,10.7
geohydro_allkm_7,p06025,2017,65026,1.0
geohydro_allkm_9,p06025,2017,65028,0.8
geohydro_allkm_9,p06025,2017,65029,0.6
geohydro_allkm_9,p06025,2017,65030,0.6
geohydro_allkm_8,p06025,2017,65402,3.0
geohydro_allkm_8,p06025,2017,65403,3.0
geohydro_allkm_8,p06025,2017,65404,10.7
geohydro_allkm_7,p06025,2017,65405,10.7
geohydro_allkm_7,p06025,2017,65406,3.0
geohydro_allkm_8,p06025,2017,65407,1.0
geohydro_allkm_9,p06025,2017,65409,0.6
geohydro_allkm_8,p06025,2017,65410,0.175
geohydro_allkm_9,p06025,2017,65781,0.6
geohydro_allkm_8,p06025,2017,65782,3.0
geohydro_allkm_8,p06025,2017,65783,3.8
geohydro_allkm_8,p06025,2017,65784,3.8
geohydro_allkm_8,p06025,2017,65785,8.0
geohydro_allkm_7,p06025,2017,65786,8.0
geohydro_allkm_8,p06025,2017,65787,2.718
geohydro_allkm_8,p06025,2017,65788,1.0
geohydro_allkm_8,p06025,2017,65790,0.6
geohydro_allkm_8,p06025,2017,65791,0.6
geohydro_allkm_9,p06025,2017,66161,3.0
geohydro_allkm_8,p06025,2017,66162,3.8
geohydro_allkm_8,p06025,2017,66163,4.5
geohydro_allkm_8,p06025,2017,66164,12.0
geohydro_allkm_8,p06025,2017,66165,5.282
geohydro_allkm_7,p06025,2017,66166,14.4
geohydro_allkm_8,p06025,2017,66167,0.303
geohydro_allkm_8,p06025,2017,66168,1.0
geohydro_allkm_8,p06025,2017,66169,1.0
geohydro_allkm_8,p06025,2017,66170,0.6
geohydro_allkm_8,p06025,2017,66171,0.6
geohydro_allkm_9,p06025,2017,66541,3.0
geohydro_allkm_8,p06025,2017,66542,3.0
geohydro_allkm_8,p06025,2017,66543,3.8
geohydro_allkm_8,p06025,2017,66544,12.0
geohydro_allkm_7,p06025,2017,66545,3.8
geohydro_allkm_7,p06025,2017,66546,7.697
geohydro_allkm_8,p06025,2017,66547,5.3
geohydro_allkm_8,p06025,2017,66548,1.0
geohydro_allkm_8,p06025,2017,66549,0.8
geohydro_allkm_8,p06025,2017,66550,0.6
geohydro_allkm_8,p06025,2017,66551,0.6
geohydro_allkm_10,p06035,2017,98244,1.1
geohydro_allkm_9,p06025,2017,98283,3.8
geohydro_allkm_9,p06055,2017,98290,16.9
geohydro_allkm_9,p06025,2017,98296,1.0
geohydro_allkm_9,p16031,2017,98298,10.0
geohydro_allkm_8,p32001,2017,98310,10.1
geohydro_allkm_8,p06025,2017,98314,14.4
geohydro_allkm_8,p06025,2017,98315,34.3
geohydro_allkm_7,p32001,2017,98321,0.8
geohydro_allkm_6,p32013,2017,98326,13.0
geohydro_allkm_6,p32001,2017,98328,10.0
geohydro_allkm_6,p32011,2017,98329,12.8
geohydro_allkm_5,p32001,2017,98331,56.0
geohydro_allkm_4,p06025,2017,98332,10.7
geohydro_allkm_4,p49001,2017,98333,23.0
geohydro_allkm_4,p06025,2017,98334,10.7
geohydro_allkm_3,p06027,2017,98339,30.0
geohydro_allkm_3,p06025,2017,98340,1.0
geohydro_allkm_2,p06033,2017,98341,29.2
geohydro_allkm_9,p32013,2018,33483,13.0
geohydro_allkm_9,p32013,2018,33484,13.0
geohydro_allkm_9,p06035,2018,34609,1.1
geohydro_allkm_9,p06033,2018,37246,9.0
geohydro_allkm_9,p32001,2018,37274,6.3
geohydro_allkm_9,p32001,2018,37275,7.5
geohydro_allkm_9,p32001,2018,37276,4.3
geohydro_allkm_9,p06045,2018,37624,9.0
geohydro_allkm_9,p06033,2018,37626,45.0
geohydro_allkm_9,p06033,2018,37627,50.0
geohydro_allkm_9,p06033,2018,37628,40.0
geohydro_allkm_9,p32031,2018,37648,0.9
geohydro_allkm_9,p32031,2018,37649,5.4
geohydro_allkm_9,p32001,2018,37655,7.5
geohydro_allkm_9,p32001,2018,37656,7.3
geohydro_allkm_9,p06045,2018,38004,9.0
geohydro_allkm_9,p06045,2018,38005,15.8
geohydro_allkm_8,p06045,2018,38006,60.0
geohydro_allkm_8,p06033,2018,38007,60.0
geohydro_allkm_8,p06033,2018,38008,51.0
geohydro_allkm_9,p06033,2018,38009,40.0
geohydro_allkm_9,p32031,2018,38028,9.0
geohydro_allkm_9,p32031,2018,38029,10.0
geohydro_allkm_9,p32031,2018,38030,5.4
geohydro_allkm_9,p32001,2018,38036,1.3
geohydro_allkm_10,p32001,2018,38037,1.2
geohydro_allkm_7,p06033,2018,38387,65.0
geohydro_allkm_8,p06033,2018,38388,60.0
geohydro_allkm_9,p06033,2018,38389,50.0
geohydro_allkm_10,p06113,2018,38390,21.815
geohydro_allkm_10,p06057,2018,38407,3.7
geohydro_allkm_9,p32031,2018,38408,10.0
geohydro_allkm_9,p32029,2018,38410,10.0
geohydro_allkm_9,p32001,2018,38415,1.3
geohydro_allkm_9,p32001,2018,38416,1.3
geohydro_allkm_10,p32001,2018,38417,10.1
geohydro_allkm_8,p06033,2018,38767,68.0
geohydro_allkm_9,p06033,2018,38768,60.0
geohydro_allkm_9,p06033,2018,38769,33.1
geohydro_allkm_10,p06055,2018,38770,0.131
geohydro_allkm_10,p32031,2018,38787,0.9
geohydro_allkm_9,p32031,2018,38788,10.0
geohydro_allkm_9,p32031,2018,38789,10.9
geohydro_allkm_9,p32029,2018,38790,5.4
geohydro_allkm_9,p32001,2018,38794,1.1
geohydro_allkm_9,p32001,2018,38795,1.3
geohydro_allkm_9,p32001,2018,38796,1.2
geohydro_allkm_9,p32001,2018,38797,10.1
geohydro_allkm_9,p32001,2018,38798,10.1
geohydro_allkm_9,p06055,2018,39148,50.0
geohydro_allkm_9,p06055,2018,39149,26.0
geohydro_allkm_9,p32019,2018,39169,5.4
geohydro_allkm_9,p32019,2018,39171,0.1
geohydro_allkm_10,p32019,2018,39172,0.4
geohydro_allkm_9,p32001,2018,39175,0.9
geohydro_allkm_9,p32001,2018,39176,0.9
geohydro_allkm_9,p06055,2018,39528,40.0
geohydro_allkm_9,p06055,2018,39529,25.0
geohydro_allkm_9,p32001,2018,39556,10.1
geohydro_allkm_9,p32001,2018,39557,10.1
geohydro_allkm_9,p06055,2018,39908,3.055
geohydro_allkm_9,p32019,2018,39933,0.4
geohydro_allkm_9,p06051,2018,44870,3.3
geohydro_allkm_9,p06051,2018,44871,3.3
geohydro_allkm_10,p06039,2018,45249,1.316
geohydro_allkm_9,p06051,2018,45251,3.3
geohydro_allkm_9,p06051,2018,45252,3.3
geohydro_allkm_10,p06039,2018,45629,3.3
geohydro_allkm_9,p06051,2018,45632,1.984
geohydro_allkm_9,p49001,2018,45675,8.7
geohydro_allkm_9,p06019,2018,46010,0.893
geohydro_allkm_9,p06051,2018,46011,2.407
geohydro_allkm_9,p06051,2018,46012,3.3
geohydro_allkm_9,p06027,2018,51713,23.4
geohydro_allkm_8,p06027,2018,51714,22.485
geohydro_allkm_8,p06027,2018,51715,9.27
geohydro_allkm_9,p06027,2018,51716,21.8
geohydro_allkm_9,p06027,2018,52093,20.851
geohydro_allkm_8,p06027,2018,52094,13.307
geohydro_allkm_8,p06027,2018,52095,10.495
geohydro_allkm_9,p06027,2018,52096,4.215
geohydro_allkm_10,p06107,2018,52472,13.76
geohydro_allkm_9,p06027,2018,52473,6.049
geohydro_allkm_8,p06027,2018,52474,3.698
geohydro_allkm_9,p06027,2018,52853,14.21
geohydro_allkm_9,p06027,2018,52854,27.0
geohydro_allkm_9,p06029,2018,53233,8.74
geohydro_allkm_9,p06027,2018,53234,0.021
geohydro_allkm_7,p06025,2018,63883,4.0
geohydro_allkm_7,p06025,2018,63884,10.0
geohydro_allkm_7,p06025,2018,63885,9.0
geohydro_allkm_7,p06025,2018,64263,29.0
geohydro_allkm_7,p06025,2018,64264,49.0
geohydro_allkm_7,p06025,2018,64265,42.0
geohydro_allkm_8,p06025,2018,64642,2.1
geohydro_allkm_8,p06025,2018,64643,44.0
geohydro_allkm_7,p06025,2018,64644,50.0
geohydro_allkm_7,p06025,2018,64645,46.0
geohydro_allkm_7,p06025,2018,64646,10.0
geohydro_allkm_8,p06025,2018,65023,17.0
geohydro_allkm_7,p06025,2018,65024,42.0
geohydro_allkm_7,p06025,2018,65025,10.7
geohydro_allkm_9,p06025,2018,65028,0.8
geohydro_allkm_8,p06025,2018,65402,3.0
geohydro_allkm_8,p06025,2018,65403,3.0
geohydro_allkm_8,p06025,2018,65404,10.7
geohydro_allkm_7,p06025,2018,65405,10.7
geohydro_allkm_7,p06025,2018,65406,3.0
geohydro_allkm_8,p06025,2018,65782,3.0
geohydro_allkm_8,p06025,2018,65783,3.8
geohydro_allkm_8,p06025,2018,65784,3.8
geohydro_allkm_8,p06025,2018,65785,8.0
geohydro_allkm_7,p06025,2018,65786,8.0
geohydro_allkm_8,p06025,2018,65787,2.718
geohydro_allkm_9,p06025,2018,66161,3.0
geohydro_allkm_8,p06025,2018,66162,3.8
geohydro_allkm_8,p06025,2018,66163,4.5
geohydro_allkm_8,p06025,2018,66164,12.0
geohydro_allkm_8,p06025,2018,66165,5.282
geohydro_allkm_7,p06025,2018,66166,14.4
geohydro_allkm_8,p06025,2018,66167,0.303
geohydro_allkm_9,p06025,2018,66541,3.0
geohydro_allkm_8,p06025,2018,66542,3.0
geohydro_allkm_8,p06025,2018,66543,3.8
geohydro_allkm_8,p06025,2018,66544,12.0
geohydro_allkm_7,p06025,2018,66545,3.8
geohydro_allkm_7,p06025,2018,66546,7.697
geohydro_allkm_8,p06025,2018,66547,5.3
geohydro_allkm_8,p06025,2018,66549,0.8
geohydro_allkm_10,p06035,2018,98244,1.1
geohydro_allkm_9,p06025,2018,98283,3.8
geohydro_allkm_9,p06055,2018,98290,16.9
geohydro_allkm_9,p16031,2018,98298,10.0
geohydro_allkm_8,p32001,2018,98310,10.1
geohydro_allkm_8,p06025,2018,98314,14.4
geohydro_allkm_8,p06025,2018,98315,34.3
geohydro_allkm_7,p32001,2018,98321,0.8
geohydro_allkm_6,p32013,2018,98326,13.0
geohydro_allkm_6,p32001,2018,98328,10.0
geohydro_allkm_6,p32011,2018,98329,12.8
geohydro_allkm_5,p32001,2018,98331,56.0
geohydro_allkm_4,p06025,2018,98332,10.7
geohydro_allkm_4,p49001,2018,98333,23.0
geohydro_allkm_4,p06025,2018,98334,10.7
geohydro_allkm_3,p06027,2018,98339,30.0
geohydro_allkm_2,p06033,2018,98341,29.2
geohydro_allkm_9,p32013,2019,33483,13.0
geohydro_allkm_9,p32013,2019,33484,13.0
geohydro_allkm_9,p06035,2019,34609,1.1
geohydro_allkm_9,p06033,2019,37246,9.0
geohydro_allkm_9,p32001,2019,37276,4.3
geohydro_allkm_9,p06045,2019,37624,9.0
geohydro_allkm_9,p06033,2019,37626,45.0
geohydro_allkm_9,p06033,2019,37627,50.0
geohydro_allkm_9,p06033,2019,37628,40.0
geohydro_allkm_9,p32031,2019,37649,5.4
geohydro_allkm_9,p32001,2019,37656,7.3
geohydro_allkm_9,p06045,2019,38004,9.0
geohydro_allkm_9,p06045,2019,38005,15.8
geohydro_allkm_8,p06045,2019,38006,60.0
geohydro_allkm_8,p06033,2019,38007,60.0
geohydro_allkm_8,p06033,2019,38008,51.0
geohydro_allkm_9,p06033,2019,38009,40.0
geohydro_allkm_9,p32031,2019,38028,9.0
geohydro_allkm_9,p32031,2019,38029,10.0
geohydro_allkm_9,p32031,2019,38030,5.4
geohydro_allkm_9,p32001,2019,38036,1.3
geohydro_allkm_10,p32001,2019,38037,1.2
geohydro_allkm_7,p06033,2019,38387,65.0
geohydro_allkm_8,p06033,2019,38388,60.0
geohydro_allkm_9,p06033,2019,38389,50.0
geohydro_allkm_10,p06113,2019,38390,21.815
geohydro_allkm_10,p06057,2019,38407,3.7
geohydro_allkm_9,p32031,2019,38408,10.0
geohydro_allkm_9,p32029,2019,38410,10.0
geohydro_allkm_9,p32001,2019,38415,1.3
geohydro_allkm_9,p32001,2019,38416,1.3
geohydro_allkm_10,p32001,2019,38417,10.1
geohydro_allkm_8,p06033,2019,38767,68.0
geohydro_allkm_9,p06033,2019,38768,60.0
geohydro_allkm_9,p06033,2019,38769,33.1
geohydro_allkm_10,p06055,2019,38770,0.131
geohydro_allkm_9,p32031,2019,38788,10.0
geohydro_allkm_9,p32031,2019,38789,10.9
geohydro_allkm_9,p32029,2019,38790,5.4
geohydro_allkm_9,p32001,2019,38794,1.1
geohydro_allkm_9,p32001,2019,38795,1.3
geohydro_allkm_9,p32001,2019,38796,1.2
geohydro_allkm_9,p32001,2019,38797,10.1
geohydro_allkm_9,p32001,2019,38798,10.1
geohydro_allkm_9,p06055,2019,39148,50.0
geohydro_allkm_9,p06055,2019,39149,26.0
geohydro_allkm_9,p32019,2019,39169,5.4
geohydro_allkm_9,p32001,2019,39175,0.9
geohydro_allkm_9,p32001,2019,39176,0.9
geohydro_allkm_9,p06055,2019,39528,40.0
geohydro_allkm_9,p06055,2019,39529,25.0
geohydro_allkm_9,p32001,2019,39556,10.1
geohydro_allkm_9,p32001,2019,39557,10.1
geohydro_allkm_9,p06055,2019,39908,3.055
geohydro_allkm_9,p06051,2019,44870,3.3
geohydro_allkm_9,p06051,2019,44871,3.3
geohydro_allkm_10,p06039,2019,45249,1.316
geohydro_allkm_9,p06051,2019,45251,3.3
geohydro_allkm_9,p06051,2019,45252,3.3
geohydro_allkm_10,p06039,2019,45629,3.3
geohydro_allkm_9,p06051,2019,45632,1.984
geohydro_allkm_9,p49001,2019,45675,8.7
geohydro_allkm_9,p06019,2019,46010,0.893
geohydro_allkm_9,p06051,2019,46011,2.407
geohydro_allkm_9,p06051,2019,46012,3.3
geohydro_allkm_9,p06027,2019,51713,23.4
geohydro_allkm_8,p06027,2019,51714,22.485
geohydro_allkm_8,p06027,2019,51715,9.27
geohydro_allkm_9,p06027,2019,51716,21.8
geohydro_allkm_9,p06027,2019,52093,20.851
geohydro_allkm_8,p06027,2019,52094,13.307
geohydro_allkm_8,p06027,2019,52095,10.495
geohydro_allkm_9,p06027,2019,52096,4.215
geohydro_allkm_10,p06107,2019,52472,13.76
geohydro_allkm_9,p06027,2019,52473,6.049
geohydro_allkm_8,p06027,2019,52474,3.698
geohydro_allkm_9,p06027,2019,52853,14.21
geohydro_allkm_9,p06027,2019,52854,27.0
geohydro_allkm_9,p06029,2019,53233,8.74
geohydro_allkm_9,p06027,2019,53234,0.021
geohydro_allkm_7,p06025,2019,63883,4.0
geohydro_allkm_7,p06025,2019,63884,10.0
geohydro_allkm_7,p06025,2019,63885,9.0
geohydro_allkm_7,p06025,2019,64263,29.0
geohydro_allkm_7,p06025,2019,64264,49.0
geohydro_allkm_7,p06025,2019,64265,42.0
geohydro_allkm_8,p06025,2019,64642,2.1
geohydro_allkm_8,p06025,2019,64643,44.0
geohydro_allkm_7,p06025,2019,64644,50.0
geohydro_allkm_7,p06025,2019,64645,46.0
geohydro_allkm_7,p06025,2019,64646,10.0
geohydro_allkm_8,p06025,2019,65023,17.0
geohydro_allkm_7,p06025,2019,65024,42.0
geohydro_allkm_7,p06025,2019,65025,10.7
geohydro_allkm_9,p06025,2019,65028,0.8
geohydro_allkm_8,p06025,2019,65402,3.0
geohydro_allkm_8,p06025,2019,65403,3.0
geohydro_allkm_8,p06025,2019,65404,10.7
geohydro_allkm_7,p06025,2019,65405,10.7
geohydro_allkm_7,p06025,2019,65406,3.0
geohydro_allkm_8,p06025,2019,65782,3.0
geohydro_allkm_8,p06025,2019,65783,3.8
geohydro_allkm_8,p06025,2019,65784,3.8
geohydro_allkm_8,p06025,2019,65785,8.0
geohydro_allkm_7,p06025,2019,65786,8.0
geohydro_allkm_8,p06025,2019,65787,2.718
geohydro_allkm_9,p06025,2019,66161,3.0
geohydro_allkm_8,p06025,2019,66162,3.8
geohydro_allkm_8,p06025,2019,66163,4.5
geohydro_allkm_8,p06025,2019,66164,12.0
geohydro_allkm_8,p06025,2019,66165,5.282
geohydro_allkm_7,p06025,2019,66166,14.4
geohydro_allkm_8,p06025,2019,66167,0.303
geohydro_allkm_9,p06025,2019,66541,3.0
geohydro_allkm_8,p06025,2019,66542,3.0
geohydro_allkm_8,p06025,2019,66543,3.8
geohydro_allkm_8,p06025,2019,66544,12.0
geohydro_allkm_7,p06025,2019,66545,3.8
geohydro_allkm_7,p06025,2019,66546,7.697
geohydro_allkm_8,p06025,2019,66547,5.3
geohydro_allkm_8,p06025,2019,66549,0.8
geohydro_allkm_10,p06035,2019,98244,1.1
geohydro_allkm_9,p06025,2019,98283,3.8
geohydro_allkm_9,p06055,2019,98290,16.9
geohydro_allkm_9,p16031,2019,98298,10.0
geohydro_allkm_8,p32001,2019,98310,10.1
geohydro_allkm_8,p06025,2019,98314,14.4
geohydro_allkm_8,p06025,2019,98315,34.3
geohydro_allkm_7,p32001,2019,98321,0.8
geohydro_allkm_6,p32013,2019,98326,13.0
geohydro_allkm_6,p32001,2019,98328,10.0
geohydro_allkm_6,p32011,2019,98329,12.8
geohydro_allkm_5,p32001,2019,98331,56.0
geohydro_allkm_4,p06025,2019,98332,10.7
geohydro_allkm_4,p49001,2019,98333,23.0
geohydro_allkm_4,p06025,2019,98334,10.7
geohydro_allkm_3,p06027,2019,98339,30.0
geohydro_allkm_2,p06033,2019,98341,29.2
geohydro_allkm_9,p32013,2020,33483,13.0
geohydro_allkm_9,p32013,2020,33484,13.0
geohydro_allkm_9,p06035,2020,34609,1.1
geohydro_allkm_9,p06033,2020,37246,9.0
geohydro_allkm_9,p32001,2020,37276,4.3
geohydro_allkm_9,p06045,2020,37624,9.0
geohydro_allkm_9,p06033,2020,37626,45.0
geohydro_allkm_9,p06033,2020,37627,50.0
geohydro_allkm_9,p06033,2020,37628,40.0
geohydro_allkm_9,p32031,2020,37649,5.4
geohydro_allkm_9,p32001,2020,37656,7.3
geohydro_allkm_9,p06045,2020,38004,9.0
geohydro_allkm_9,p06045,2020,38005,15.8
geohydro_allkm_8,p06045,2020,38006,60.0
geohydro_allkm_8,p06033,2020,38007,60.0
geohydro_allkm_8,p06033,2020,38008,51.0
geohydro_allkm_9,p06033,2020,38009,40.0
geohydro_allkm_9,p32031,2020,38028,9.0
geohydro_allkm_9,p32031,2020,38029,10.0
geohydro_allkm_9,p32031,2020,38030,5.4
geohydro_allkm_7,p06033,2020,38387,65.0
geohydro_allkm_8,p06033,2020,38388,60.0
geohydro_allkm_9,p06033,2020,38389,50.0
geohydro_allkm_10,p06113,2020,38390,21.815
geohydro_allkm_10,p06057,2020,38407,3.7
geohydro_allkm_9,p32031,2020,38408,10.0
geohydro_allkm_9,p32029,2020,38410,10.0
geohydro_allkm_9,p32001,2020,38415,1.3
geohydro_allkm_9,p32001,2020,38416,1.3
geohydro_allkm_10,p32001,2020,38417,10.1
geohydro_allkm_8,p06033,2020,38767,68.0
geohydro_allkm_9,p06033,2020,38768,60.0
geohydro_allkm_9,p06033,2020,38769,33.1
geohydro_allkm_10,p06055,2020,38770,0.131
geohydro_allkm_9,p32031,2020,38788,10.0
geohydro_allkm_9,p32031,2020,38789,10.9
geohydro_allkm_9,p32029,2020,38790,5.4
geohydro_allkm_9,p32001,2020,38795,1.3
geohydro_allkm_9,p32001,2020,38797,10.1
geohydro_allkm_9,p32001,2020,38798,10.1
geohydro_allkm_9,p06055,2020,39148,50.0
geohydro_allkm_9,p06055,2020,39149,26.0
geohydro_allkm_9,p32019,2020,39169,5.4
geohydro_allkm_9,p06055,2020,39528,40.0
geohydro_allkm_9,p06055,2020,39529,25.0
geohydro_allkm_9,p32001,2020,39556,10.1
geohydro_allkm_9,p32001,2020,39557,10.1
geohydro_allkm_9,p06055,2020,39908,3.055
geohydro_allkm_9,p06051,2020,44870,3.3
geohydro_allkm_9,p06051,2020,44871,3.3
geohydro_allkm_10,p06039,2020,45249,1.316
geohydro_allkm_9,p06051,2020,45251,3.3
geohydro_allkm_9,p06051,2020,45252,3.3
geohydro_allkm_10,p06039,2020,45629,3.3
geohydro_allkm_9,p06051,2020,45632,1.984
geohydro_allkm_9,p49001,2020,45675,8.7
geohydro_allkm_9,p06019,2020,46010,0.893
geohydro_allkm_9,p06051,2020,46011,2.407
geohydro_allkm_9,p06051,2020,46012,3.3
geohydro_allkm_9,p06027,2020,51713,23.4
geohydro_allkm_8,p06027,2020,51714,22.485
geohydro_allkm_8,p06027,2020,51715,9.27
geohydro_allkm_9,p06027,2020,51716,21.8
geohydro_allkm_9,p06027,2020,52093,20.851
geohydro_allkm_8,p06027,2020,52094,13.307
geohydro_allkm_8,p06027,2020,52095,10.495
geohydro_allkm_9,p06027,2020,52096,4.215
geohydro_allkm_10,p06107,2020,52472,13.76
geohydro_allkm_9,p06027,2020,52473,6.049
geohydro_allkm_8,p06027,2020,52474,3.698
geohydro_allkm_9,p06027,2020,52853,14.21
geohydro_allkm_9,p06027,2020,52854,27.0
geohydro_allkm_9,p06029,2020,53233,8.74
geohydro_allkm_9,p06027,2020,53234,0.021
geohydro_allkm_7,p06025,2020,63883,4.0
geohydro_allkm_7,p06025,2020,63884,10.0
geohydro_allkm_7,p06025,2020,63885,9.0
geohydro_allkm_7,p06025,2020,64263,29.0
geohydro_allkm_7,p06025,2020,64264,49.0
geohydro_allkm_7,p06025,2020,64265,42.0
geohydro_allkm_8,p06025,2020,64642,2.1
geohydro_allkm_8,p06025,2020,64643,44.0
geohydro_allkm_7,p06025,2020,64644,50.0
geohydro_allkm_7,p06025,2020,64645,46.0
geohydro_allkm_7,p06025,2020,64646,10.0
geohydro_allkm_8,p06025,2020,65023,17.0
geohydro_allkm_7,p06025,2020,65024,42.0
geohydro_allkm_7,p06025,2020,65025,10.7
geohydro_allkm_9,p06025,2020,65028,0.8
geohydro_allkm_8,p06025,2020,65402,3.0
geohydro_allkm_8,p06025,2020,65403,3.0
geohydro_allkm_8,p06025,2020,65404,10.7
geohydro_allkm_7,p06025,2020,65405,10.7
geohydro_allkm_7,p06025,2020,65406,3.0
geohydro_allkm_8,p06025,2020,65782,3.0
geohydro_allkm_8,p06025,2020,65783,3.8
geohydro_allkm_8,p06025,2020,65784,3.8
geohydro_allkm_8,p06025,2020,65785,8.0
geohydro_allkm_7,p06025,2020,65786,8.0
geohydro_allkm_8,p06025,2020,65787,2.718
geohydro_allkm_9,p06025,2020,66161,3.0
geohydro_allkm_8,p06025,2020,66162,3.8
geohydro_allkm_8,p06025,2020,66163,4.5
geohydro_allkm_8,p06025,2020,66164,12.0
geohydro_allkm_8,p06025,2020,66165,5.282
geohydro_allkm_7,p06025,2020,66166,14.4
geohydro_allkm_8,p06025,2020,66167,0.303
geohydro_allkm_9,p06025,2020,66541,3.0
geohydro_allkm_8,p06025,2020,66542,3.0
geohydro_allkm_8,p06025,2020,66543,3.8
geohydro_allkm_8,p06025,2020,66544,12.0
geohydro_allkm_7,p06025,2020,66545,3.8
geohydro_allkm_7,p06025,2020,66546,7.697
geohydro_allkm_8,p06025,2020,66547,5.3
geohydro_allkm_8,p06025,2020,66549,0.8
geohydro_allkm_10,p06035,2020,98244,1.1
geohydro_allkm_9,p06025,2020,98283,3.8
geohydro_allkm_9,p06055,2020,98290,16.9
geohydro_allkm_9,p16031,2020,98298,10.0
geohydro_allkm_8,p32001,2020,98310,10.1
geohydro_allkm_8,p06025,2020,98314,14.4
geohydro_allkm_8,p06025,2020,98315,34.3
geohydro_allkm_6,p32013,2020,98326,13.0
geohydro_allkm_6,p32001,2020,98328,10.0
geohydro_allkm_6,p32011,2020,98329,12.8
geohydro_allkm_5,p32001,2020,98331,56.0
geohydro_allkm_4,p06025,2020,98332,10.7
geohydro_allkm_4,p49001,2020,98333,23.0
geohydro_allkm_4,p06025,2020,98334,10.7
geohydro_allkm_3,p06027,2020,98339,30.0
geohydro_allkm_2,p06033,2020,98341,29.2
geohydro_allkm_9,p32013,2021,33483,13.0
geohydro_allkm_9,p32013,2021,33484,13.0
geohydro_allkm_9,p06035,2021,34609,1.1
geohydro_allkm_9,p06033,2021,37246,9.0
geohydro_allkm_9,p32001,2021,37276,4.3
geohydro_allkm_9,p06045,2021,37624,9.0
geohydro_allkm_9,p06033,2021,37626,45.0
geohydro_allkm_9,p06033,2021,37627,50.0
geohydro_allkm_9,p06033,2021,37628,40.0
geohydro_allkm_9,p32031,2021,37649,5.4
geohydro_allkm_9,p32001,2021,37656,7.3
geohydro_allkm_9,p06045,2021,38004,9.0
geohydro_allkm_9,p06045,2021,38005,15.8
geohydro_allkm_8,p06045,2021,38006,60.0
geohydro_allkm_8,p06033,2021,38007,60.0
geohydro_allkm_8,p06033,2021,38008,51.0
geohydro_allkm_9,p06033,2021,38009,40.0
geohydro_allkm_9,p32031,2021,38028,9.0
geohydro_allkm_9,p32031,2021,38029,10.0
geohydro_allkm_9,p32031,2021,38030,5.4
geohydro_allkm_7,p06033,2021,38387,65.0
geohydro_allkm_8,p06033,2021,38388,60.0
geohydro_allkm_9,p06033,2021,38389,50.0
geohydro_allkm_10,p06113,2021,38390,21.815
geohydro_allkm_9,p32031,2021,38408,10.0
geohydro_allkm_9,p32029,2021,38410,10.0
geohydro_allkm_9,p32001,2021,38415,1.3
geohydro_allkm_9,p32001,2021,38416,1.3
geohydro_allkm_10,p32001,2021,38417,10.1
geohydro_allkm_8,p06033,2021,38767,68.0
geohydro_allkm_9,p06033,2021,38768,60.0
geohydro_allkm_9,p06033,2021,38769,33.1
geohydro_allkm_10,p06055,2021,38770,0.131
geohydro_allkm_9,p32031,2021,38788,10.0
geohydro_allkm_9,p32029,2021,38790,5.4
geohydro_allkm_9,p32001,2021,38795,1.3
geohydro_allkm_9,p32001,2021,38797,10.1
geohydro_allkm_9,p32001,2021,38798,10.1
geohydro_allkm_9,p06055,2021,39148,50.0
geohydro_allkm_9,p06055,2021,39149,26.0
geohydro_allkm_9,p32019,2021,39169,5.4
geohydro_allkm_9,p06055,2021,39528,40.0
geohydro_allkm_9,p06055,2021,39529,25.0
geohydro_allkm_9,p32001,2021,39556,10.1
geohydro_allkm_9,p32001,2021,39557,10.1
geohydro_allkm_9,p06055,2021,39908,3.055
geohydro_allkm_9,p06051,2021,44870,3.3
geohydro_allkm_9,p06051,2021,44871,3.3
geohydro_allkm_10,p06039,2021,45249,1.316
geohydro_allkm_9,p06051,2021,45251,3.3
geohydro_allkm_9,p06051,2021,45252,3.3
geohydro_allkm_10,p06039,2021,45629,3.3
geohydro_allkm_9,p06051,2021,45632,1.984
geohydro_allkm_9,p49001,2021,45675,8.7
geohydro_allkm_9,p06019,2021,46010,0.893
geohydro_allkm_9,p06051,2021,46011,2.407
geohydro_allkm_9,p06051,2021,46012,3.3
geohydro_allkm_9,p06027,2021,51713,23.4
geohydro_allkm_8,p06027,2021,51714,22.485
geohydro_allkm_8,p06027,2021,51715,9.27
geohydro_allkm_9,p06027,2021,51716,21.8
geohydro_allkm_9,p06027,2021,52093,20.851
geohydro_allkm_8,p06027,2021,52094,13.307
geohydro_allkm_8,p06027,2021,52095,10.495
geohydro_allkm_9,p06027,2021,52096,4.215
geohydro_allkm_10,p06107,2021,52472,13.76
geohydro_allkm_9,p06027,2021,52473,6.049
geohydro_allkm_8,p06027,2021,52474,3.698
geohydro_allkm_9,p06027,2021,52853,14.21
geohydro_allkm_9,p06027,2021,52854,27.0
geohydro_allkm_9,p06029,2021,53233,8.74
geohydro_allkm_9,p06027,2021,53234,0.021
geohydro_allkm_7,p06025,2021,63883,4.0
geohydro_allkm_7,p06025,2021,63884,10.0
geohydro_allkm_7,p06025,2021,63885,9.0
geohydro_allkm_7,p06025,2021,64263,29.0
geohydro_allkm_7,p06025,2021,64264,49.0
geohydro_allkm_7,p06025,2021,64265,42.0
geohydro_allkm_8,p06025,2021,64642,2.1
geohydro_allkm_8,p06025,2021,64643,44.0
geohydro_allkm_7,p06025,2021,64644,50.0
geohydro_allkm_7,p06025,2021,64645,46.0
geohydro_allkm_7,p06025,2021,64646,10.0
geohydro_allkm_8,p06025,2021,65023,17.0
geohydro_allkm_7,p06025,2021,65024,42.0
geohydro_allkm_7,p06025,2021,65025,10.7
geohydro_allkm_9,p06025,2021,65028,0.8
geohydro_allkm_8,p06025,2021,65402,3.0
geohydro_allkm_8,p06025,2021,65403,3.0
geohydro_allkm_8,p06025,2021,65404,10.7
geohydro_allkm_7,p06025,2021,65405,10.7
geohydro_allkm_7,p06025,2021,65406,3.0
geohydro_allkm_8,p06025,2021,65782,3.0
geohydro_allkm_8,p06025,2021,65783,3.8
geohydro_allkm_8,p06025,2021,65784,3.8
geohydro_allkm_8,p06025,2021,65785,8.0
geohydro_allkm_7,p06025,2021,65786,8.0
geohydro_allkm_8,p06025,2021,65787,2.718
geohydro_allkm_9,p06025,2021,66161,3.0
geohydro_allkm_8,p06025,2021,66162,3.8
geohydro_allkm_8,p06025,2021,66163,4.5
geohydro_allkm_8,p06025,2021,66164,12.0
geohydro_allkm_8,p06025,2021,66165,5.282
geohydro_allkm_7,p06025,2021,66166,14.4
geohydro_allkm_8,p06025,2021,66167,0.303
geohydro_allkm_9,p06025,2021,66541,3.0
geohydro_allkm_8,p06025,2021,66542,3.0
geohydro_allkm_8,p06025,2021,66543,3.8
geohydro_allkm_8,p06025,2021,66544,12.0
geohydro_allkm_7,p06025,2021,66545,3.8
geohydro_allkm_7,p06025,2021,66546,7.697
geohydro_allkm_8,p06025,2021,66547,5.3
geohydro_allkm_8,p06025,2021,66549,0.8
geohydro_allkm_10,p06035,2021,98244,1.1
geohydro_allkm_9,p06025,2021,98283,3.8
geohydro_allkm_9,p06055,2021,98290,16.9
geohydro_allkm_9,p16031,2021,98298,10.0
geohydro_allkm_8,p32001,2021,98310,10.1
geohydro_allkm_8,p06025,2021,98314,14.4
geohydro_allkm_8,p06025,2021,98315,34.3
geohydro_allkm_6,p32013,2021,98326,13.0
geohydro_allkm_6,p32001,2021,98328,10.0
geohydro_allkm_6,p32011,2021,98329,12.8
geohydro_allkm_5,p32001,2021,98331,56.0
geohydro_allkm_4,p06025,2021,98332,10.7
geohydro_allkm_4,p49001,2021,98333,23.0
geohydro_allkm_4,p06025,2021,98334,10.7
geohydro_allkm_3,p06027,2021,98339,30.0
geohydro_allkm_2,p06033,2021,98341,29.2
geohydro_allkm_9,p32013,2022,33483,13.0
geohydro_allkm_9,p32013,2022,33484,13.0
geohydro_allkm_9,p06035,2022,34609,1.1
geohydro_allkm_9,p06033,2022,37246,9.0
geohydro_allkm_9,p32001,2022,37276,4.3
geohydro_allkm_9,p06045,2022,37624,9.0
geohydro_allkm_9,p06033,2022,37626,45.0
geohydro_allkm_9,p06033,2022,37627,50.0
geohydro_allkm_9,p06033,2022,37628,40.0
geohydro_allkm_9,p32031,2022,37649,5.4
geohydro_allkm_9,p32001,2022,37656,7.3
geohydro_allkm_9,p06045,2022,38004,9.0
geohydro_allkm_9,p06045,2022,38005,15.8
geohydro_allkm_8,p06045,2022,38006,60.0
geohydro_allkm_8,p06033,2022,38007,60.0
geohydro_allkm_8,p06033,2022,38008,51.0
geohydro_allkm_9,p06033,2022,38009,40.0
geohydro_allkm_9,p32031,2022,38028,9.0
geohydro_allkm_9,p32031,2022,38029,10.0
geohydro_allkm_9,p32031,2022,38030,5.4
geohydro_allkm_7,p06033,2022,38387,65.0
geohydro_allkm_8,p06033,2022,38388,60.0
geohydro_allkm_9,p06033,2022,38389,50.0
geohydro_allkm_10,p06113,2022,38390,21.815
geohydro_allkm_9,p32031,2022,38408,10.0
geohydro_allkm_9,p32029,2022,38410,10.0
geohydro_allkm_9,p32001,2022,38415,1.3
geohydro_allkm_9,p32001,2022,38416,1.3
geohydro_allkm_10,p32001,2022,38417,10.1
geohydro_allkm_8,p06033,2022,38767,68.0
geohydro_allkm_9,p06033,2022,38768,60.0
geohydro_allkm_9,p06033,2022,38769,33.1
geohydro_allkm_10,p06055,2022,38770,0.131
geohydro_allkm_9,p32031,2022,38788,10.0
geohydro_allkm_9,p32029,2022,38790,5.4
geohydro_allkm_9,p32001,2022,38795,1.3
geohydro_allkm_9,p32001,2022,38797,10.1
geohydro_allkm_9,p32001,2022,38798,10.1
geohydro_allkm_9,p06055,2022,39148,50.0
geohydro_allkm_9,p06055,2022,39149,26.0
geohydro_allkm_9,p32019,2022,39169,5.4
geohydro_allkm_9,p06055,2022,39528,40.0
geohydro_allkm_9,p06055,2022,39529,25.0
geohydro_allkm_9,p32001,2022,39556,10.1
geohydro_allkm_9,p32001,2022,39557,10.1
geohydro_allkm_9,p06055,2022,39908,3.055
geohydro_allkm_9,p06051,2022,44870,3.3
geohydro_allkm_9,p06051,2022,44871,3.3
geohydro_allkm_10,p06039,2022,45249,1.316
geohydro_allkm_9,p06051,2022,45251,3.3
geohydro_allkm_9,p06051,2022,45252,3.3
geohydro_allkm_10,p06039,2022,45629,3.3
geohydro_allkm_9,p06051,2022,45632,1.984
geohydro_allkm_9,p49001,2022,45675,8.7
geohydro_allkm_9,p06019,2022,46010,0.893
geohydro_allkm_9,p06051,2022,46011,2.407
geohydro_allkm_9,p06051,2022,46012,3.3
geohydro_allkm_9,p06027,2022,51713,23.4
geohydro_allkm_8,p06027,2022,51714,22.485
geohydro_allkm_8,p06027,2022,51715,9.27
geohydro_allkm_9,p06027,2022,51716,21.8
geohydro_allkm_9,p06027,2022,52093,20.851
geohydro_allkm_8,p06027,2022,52094,13.307
geohydro_allkm_8,p06027,2022,52095,10.495
geohydro_allkm_9,p06027,2022,52096,4.215
geohydro_allkm_10,p06107,2022,52472,13.76
geohydro_allkm_9,p06027,2022,52473,6.049
geohydro_allkm_8,p06027,2022,52474,3.698
geohydro_allkm_9,p06027,2022,52853,14.21
geohydro_allkm_9,p06027,2022,52854,27.0
geohydro_allkm_9,p06029,2022,53233,8.74
geohydro_allkm_9,p06027,2022,53234,0.021
geohydro_allkm_7,p06025,2022,63883,4.0
geohydro_allkm_7,p06025,2022,63884,10.0
geohydro_allkm_7,p06025,2022,63885,9.0
geohydro_allkm_7,p06025,2022,64263,29.0
geohydro_allkm_7,p06025,2022,64264,49.0
geohydro_allkm_7,p06025,2022,64265,42.0
geohydro_allkm_8,p06025,2022,64642,2.1
geohydro_allkm_8,p06025,2022,64643,44.0
geohydro_allkm_7,p06025,2022,64644,50.0
geohydro_allkm_7,p06025,2022,64645,46.0
geohydro_allkm_7,p06025,2022,64646,10.0
geohydro_allkm_8,p06025,2022,65023,17.0
geohydro_allkm_7,p06025,2022,65024,42.0
geohydro_allkm_7,p06025,2022,65025,10.7
geohydro_allkm_9,p06025,2022,65028,0.8
geohydro_allkm_8,p06025,2022,65402,3.0
geohydro_allkm_8,p06025,2022,65403,3.0
geohydro_allkm_8,p06025,2022,65404,10.7
geohydro_allkm_7,p06025,2022,65405,10.7
geohydro_allkm_7,p06025,2022,65406,3.0
geohydro_allkm_8,p06025,2022,65782,3.0
geohydro_allkm_8,p06025,2022,65783,3.8
geohydro_allkm_8,p06025,2022,65784,3.8
geohydro_allkm_8,p06025,2022,65785,8.0
geohydro_allkm_7,p06025,2022,65786,8.0
geohydro_allkm_8,p06025,2022,65787,2.718
geohydro_allkm_9,p06025,2022,66161,3.0
geohydro_allkm_8,p06025,2022,66162,3.8
geohydro_allkm_8,p06025,2022,66163,4.5
geohydro_allkm_8,p06025,2022,66164,12.0
geohydro_allkm_8,p06025,2022,66165,5.282
geohydro_allkm_7,p06025,2022,66166,14.4
geohydro_allkm_8,p06025,2022,66167,0.303
geohydro_allkm_9,p06025,2022,66541,3.0
geohydro_allkm_8,p06025,2022,66542,3.0
geohydro_allkm_8,p06025,2022,66543,3.8
geohydro_allkm_8,p06025,2022,66544,12.0
geohydro_allkm_7,p06025,2022,66545,3.8
geohydro_allkm_7,p06025,2022,66546,7.697
geohydro_allkm_8,p06025,2022,66547,5.3
geohydro_allkm_8,p06025,2022,66549,0.8
geohydro_allkm_10,p06035,2022,98244,1.1
geohydro_allkm_9,p06025,2022,98283,3.8
geohydro_allkm_9,p06055,2022,98290,16.9
geohydro_allkm_9,p16031,2022,98298,10.0
geohydro_allkm_8,p32001,2022,98310,10.1
geohydro_allkm_8,p06025,2022,98314,14.4
geohydro_allkm_8,p06025,2022,98315,34.3
geohydro_allkm_6,p32013,2022,98326,13.0
geohydro_allkm_6,p32001,2022,98328,10.0
geohydro_allkm_6,p32011,2022,98329,12.8
geohydro_allkm_5,p32001,2022,98331,56.0
geohydro_allkm_4,p06025,2022,98332,10.7
geohydro_allkm_4,p49001,2022,98333,23.0
geohydro_allkm_4,p06025,2022,98334,10.7
geohydro_allkm_3,p06027,2022,98339,30.0
geohydro_allkm_2,p06033,2022,98341,29.2
geohydro_allkm_9,p32013,2023,33483,13.0
geohydro_allkm_9,p32013,2023,33484,13.0
geohydro_allkm_9,p06035,2023,34609,1.1
geohydro_allkm_9,p06033,2023,37246,9.0
geohydro_allkm_9,p32001,2023,37276,4.3
geohydro_allkm_9,p06045,2023,37624,9.0
geohydro_allkm_9,p06033,2023,37626,45.0
geohydro_allkm_9,p06033,2023,37627,50.0
geohydro_allkm_9,p06033,2023,37628,40.0
geohydro_allkm_9,p32001,2023,37656,7.3
geohydro_allkm_9,p06045,2023,38004,9.0
geohydro_allkm_9,p06045,2023,38005,15.8
geohydro_allkm_8,p06045,2023,38006,60.0
geohydro_allkm_8,p06033,2023,38007,60.0
geohydro_allkm_8,p06033,2023,38008,51.0
geohydro_allkm_9,p06033,2023,38009,40.0
geohydro_allkm_9,p32031,2023,38028,9.0
geohydro_allkm_9,p32031,2023,38029,10.0
geohydro_allkm_7,p06033,2023,38387,65.0
geohydro_allkm_8,p06033,2023,38388,60.0
geohydro_allkm_9,p06033,2023,38389,50.0
geohydro_allkm_10,p06113,2023,38390,21.815
geohydro_allkm_9,p32031,2023,38408,10.0
geohydro_allkm_9,p32029,2023,38410,10.0
geohydro_allkm_9,p32001,2023,38415,1.3
geohydro_allkm_9,p32001,2023,38416,1.3
geohydro_allkm_10,p32001,2023,38417,10.1
geohydro_allkm_8,p06033,2023,38767,68.0
geohydro_allkm_9,p06033,2023,38768,60.0
geohydro_allkm_9,p06033,2023,38769,33.1
geohydro_allkm_10,p06055,2023,38770,0.131
geohydro_allkm_9,p32031,2023,38788,10.0
geohydro_allkm_9,p32001,2023,38795,1.3
geohydro_allkm_9,p32001,2023,38797,10.1
geohydro_allkm_9,p32001,2023,38798,10.1
geohydro_allkm_9,p06055,2023,39148,50.0
geohydro_allkm_9,p06055,2023,39149,26.0
geohydro_allkm_9,p06055,2023,39528,40.0
geohydro_allkm_9,p06055,2023,39529,25.0
geohydro_allkm_9,p32001,2023,39556,10.1
geohydro_allkm_9,p32001,2023,39557,10.1
geohydro_allkm_9,p06055,2023,39908,3.055
geohydro_allkm_9,p06051,2023,44870,3.3
geohydro_allkm_9,p06051,2023,44871,3.3
geohydro_allkm_10,p06039,2023,45249,1.316
geohydro_allkm_9,p06051,2023,45251,3.3
geohydro_allkm_9,p06051,2023,45252,3.3
geohydro_allkm_10,p06039,2023,45629,3.3
geohydro_allkm_9,p06051,2023,45632,1.984
geohydro_allkm_9,p49001,2023,45675,8.7
geohydro_allkm_9,p06019,2023,46010,0.893
geohydro_allkm_9,p06051,2023,46011,2.407
geohydro_allkm_9,p06051,2023,46012,3.3
geohydro_allkm_9,p06027,2023,51713,23.4
geohydro_allkm_8,p06027,2023,51714,22.485
geohydro_allkm_8,p06027,2023,51715,9.27
geohydro_allkm_9,p06027,2023,51716,21.8
geohydro_allkm_9,p06027,2023,52093,20.851
geohydro_allkm_8,p06027,2023,52094,13.307
geohydro_allkm_8,p06027,2023,52095,10.495
geohydro_allkm_9,p06027,2023,52096,4.215
geohydro_allkm_10,p06107,2023,52472,13.76
geohydro_allkm_9,p06027,2023,52473,6.049
geohydro_allkm_8,p06027,2023,52474,3.698
geohydro_allkm_9,p06027,2023,52853,14.21
geohydro_allkm_9,p06027,2023,52854,27.0
geohydro_allkm_9,p06029,2023,53233,8.74
geohydro_allkm_9,p06027,2023,53234,0.021
geohydro_allkm_7,p06025,2023,63883,4.0
geohydro_allkm_7,p06025,2023,63884,10.0
geohydro_allkm_7,p06025,2023,63885,9.0
geohydro_allkm_7,p06025,2023,64263,29.0
geohydro_allkm_7,p06025,2023,64264,49.0
geohydro_allkm_7,p06025,2023,64265,42.0
geohydro_allkm_8,p06025,2023,64642,2.1
geohydro_allkm_8,p06025,2023,64643,44.0
geohydro_allkm_7,p06025,2023,64644,50.0
geohydro_allkm_7,p06025,2023,64645,46.0
geohydro_allkm_7,p06025,2023,64646,10.0
geohydro_allkm_8,p06025,2023,65023,17.0
geohydro_allkm_7,p06025,2023,65024,42.0
geohydro_allkm_7,p06025,2023,65025,10.7
geohydro_allkm_9,p06025,2023,65028,0.8
geohydro_allkm_8,p06025,2023,65402,3.0
geohydro_allkm_8,p06025,2023,65403,3.0
geohydro_allkm_8,p06025,2023,65404,10.7
geohydro_allkm_7,p06025,2023,65405,10.7
geohydro_allkm_7,p06025,2023,65406,3.0
geohydro_allkm_8,p06025,2023,65782,3.0
geohydro_allkm_8,p06025,2023,65783,3.8
geohydro_allkm_8,p06025,2023,65784,3.8
geohydro_allkm_8,p06025,2023,65785,8.0
geohydro_allkm_7,p06025,2023,65786,8.0
geohydro_allkm_8,p06025,2023,65787,2.718
geohydro_allkm_9,p06025,2023,66161,3.0
geohydro_allkm_8,p06025,2023,66162,3.8
geohydro_allkm_8,p06025,2023,66163,4.5
geohydro_allkm_8,p06025,2023,66164,12.0
geohydro_allkm_8,p06025,2023,66165,5.282
geohydro_allkm_7,p06025,2023,66166,14.4
geohydro_allkm_8,p06025,2023,66167,0.303
geohydro_allkm_9,p06025,2023,66541,3.0
geohydro_allkm_8,p06025,2023,66542,3.0
geohydro_allkm_8,p06025,2023,66543,3.8
geohydro_allkm_8,p06025,2023,66544,12.0
geohydro_allkm_7,p06025,2023,66545,3.8
geohydro_allkm_7,p06025,2023,66546,7.697
geohydro_allkm_8,p06025,2023,66547,5.3
geohydro_allkm_8,p06025,2023,66549,0.8
geohydro_allkm_10,p06035,2023,98244,1.1
geohydro_allkm_9,p06025,2023,98283,3.8
geohydro_allkm_9,p06055,2023,98290,16.9
geohydro_allkm_9,p16031,2023,98298,10.0
geohydro_allkm_8,p32001,2023,98310,10.1
geohydro_allkm_8,p06025,2023,98314,14.4
geohydro_allkm_8,p06025,2023,98315,34.3
geohydro_allkm_6,p32013,2023,98326,13.0
geohydro_allkm_6,p32001,2023,98328,10.0
geohydro_allkm_6,p32011,2023,98329,12.8
geohydro_allkm_5,p32001,2023,98331,56.0
geohydro_allkm_4,p06025,2023,98332,10.7
geohydro_allkm_4,p49001,2023,98333,23.0
geohydro_allkm_4,p06025,2023,98334,10.7
geohydro_allkm_3,p06027,2023,98339,30.0
geohydro_allkm_2,p06033,2023,98341,29.2
geohydro_allkm_9,p32013,2024,33483,13.0
geohydro_allkm_9,p32013,2024,33484,13.0
geohydro_allkm_9,p06035,2024,34609,1.1
geohydro_allkm_9,p06033,2024,37246,9.0
geohydro_allkm_9,p32001,2024,37276,4.3
geohydro_allkm_9,p06045,2024,37624,9.0
geohydro_allkm_9,p06033,2024,37626,45.0
geohydro_allkm_9,p06033,2024,37627,50.0
geohydro_allkm_9,p06033,2024,37628,40.0
geohydro_allkm_9,p32001,2024,37656,7.3
geohydro_allkm_9,p06045,2024,38004,9.0
geohydro_allkm_9,p06045,2024,38005,15.8
geohydro_allkm_8,p06045,2024,38006,60.0
geohydro_allkm_8,p06033,2024,38007,60.0
geohydro_allkm_8,p06033,2024,38008,51.0
geohydro_allkm_9,p06033,2024,38009,40.0
geohydro_allkm_9,p32031,2024,38028,9.0
geohydro_allkm_9,p32031,2024,38029,10.0
geohydro_allkm_7,p06033,2024,38387,65.0
geohydro_allkm_8,p06033,2024,38388,60.0
geohydro_allkm_9,p06033,2024,38389,50.0
geohydro_allkm_10,p06113,2024,38390,21.815
geohydro_allkm_9,p32031,2024,38408,10.0
geohydro_allkm_9,p32029,2024,38410,10.0
geohydro_allkm_9,p32001,2024,38415,1.3
geohydro_allkm_9,p32001,2024,38416,1.3
geohydro_allkm_10,p32001,2024,38417,10.1
geohydro_allkm_8,p06033,2024,38767,68.0
geohydro_allkm_9,p06033,2024,38768,60.0
geohydro_allkm_9,p06033,2024,38769,33.1
geohydro_allkm_10,p06055,2024,38770,0.131
geohydro_allkm_9,p32031,2024,38788,10.0
geohydro_allkm_9,p32001,2024,38795,1.3
geohydro_allkm_9,p32001,2024,38797,10.1
geohydro_allkm_9,p32001,2024,38798,10.1
geohydro_allkm_9,p06055,2024,39148,50.0
geohydro_allkm_9,p06055,2024,39149,26.0
geohydro_allkm_9,p06055,2024,39528,40.0
geohydro_allkm_9,p06055,2024,39529,25.0
geohydro_allkm_9,p32001,2024,39556,10.1
geohydro_allkm_9,p32001,2024,39557,10.1
geohydro_allkm_9,p06055,2024,39908,3.055
geohydro_allkm_9,p06051,2024,44870,3.3
geohydro_allkm_9,p06051,2024,44871,3.3
geohydro_allkm_10,p06039,2024,45249,1.316
geohydro_allkm_9,p06051,2024,45251,3.3
geohydro_allkm_9,p06051,2024,45252,3.3
geohydro_allkm_10,p06039,2024,45629,3.3
geohydro_allkm_9,p06051,2024,45632,1.984
geohydro_allkm_9,p49001,2024,45675,8.7
geohydro_allkm_9,p06019,2024,46010,0.893
geohydro_allkm_9,p06051,2024,46011,2.407
geohydro_allkm_9,p06051,2024,46012,3.3
geohydro_allkm_9,p06027,2024,51713,23.4
geohydro_allkm_8,p06027,2024,51714,22.485
geohydro_allkm_8,p06027,2024,51715,9.27
geohydro_allkm_9,p06027,2024,51716,21.8
geohydro_allkm_9,p06027,2024,52093,20.851
geohydro_allkm_8,p06027,2024,52094,13.307
geohydro_allkm_8,p06027,2024,52095,10.495
geohydro_allkm_9,p06027,2024,52096,4.215
geohydro_allkm_10,p06107,2024,52472,13.76
geohydro_allkm_9,p06027,2024,52473,6.049
geohydro_allkm_8,p06027,2024,52474,3.698
geohydro_allkm_9,p06027,2024,52853,14.21
geohydro_allkm_9,p06027,2024,52854,27.0
geohydro_allkm_9,p06029,2024,53233,8.74
geohydro_allkm_9,p06027,2024,53234,0.021
geohydro_allkm_7,p06025,2024,63883,4.0
geohydro_allkm_7,p06025,2024,63884,10.0
geohydro_allkm_7,p06025,2024,63885,9.0
geohydro_allkm_7,p06025,2024,64263,29.0
geohydro_allkm_7,p06025,2024,64264,49.0
geohydro_allkm_7,p06025,2024,64265,42.0
geohydro_allkm_8,p06025,2024,64642,2.1
geohydro_allkm_8,p06025,2024,64643,44.0
geohydro_allkm_7,p06025,2024,64644,50.0
geohydro_allkm_7,p06025,2024,64645,46.0
geohydro_allkm_7,p06025,2024,64646,10.0
geohydro_allkm_8,p06025,2024,65023,17.0
geohydro_allkm_7,p06025,2024,65024,42.0
geohydro_allkm_7,p06025,2024,65025,10.7
geohydro_allkm_9,p06025,2024,65028,0.8
geohydro_allkm_8,p06025,2024,65404,10.7
geohydro_allkm_7,p06025,2024,65405,10.7
geohydro_allkm_8,p06025,2024,65785,8.0
geohydro_allkm_7,p06025,2024,65786,8.0
geohydro_allkm_8,p06025,2024,65787,2.718
geohydro_allkm_8,p06025,2024,66163,4.5
geohydro_allkm_8,p06025,2024,66164,12.0
geohydro_allkm_8,p06025,2024,66165,5.282
geohydro_allkm_7,p06025,2024,66166,14.4
geohydro_allkm_8,p06025,2024,66167,0.303
geohydro_allkm_8,p06025,2024,66542,3.0
geohydro_allkm_8,p06025,2024,66544,12.0
geohydro_allkm_7,p06025,2024,66546,7.697
geohydro_allkm_8,p06025,2024,66547,5.3
geohydro_allkm_8,p06025,2024,66549,0.8
geohydro_allkm_10,p06035,2024,98244,1.1
geohydro_allkm_9,p06055,2024,98290,16.9
geohydro_allkm_9,p16031,2024,98298,10.0
geohydro_allkm_8,p32001,2024,98310,10.1
geohydro_allkm_8,p06025,2024,98314,14.4
geohydro_allkm_8,p06025,2024,98315,34.3
geohydro_allkm_6,p32013,2024,98326,13.0
geohydro_allkm_6,p32001,2024,98328,10.0
geohydro_allkm_6,p32011,2024,98329,12.8
geohydro_allkm_5,p32001,2024,98331,56.0
geohydro_allkm_4,p06025,2024,98332,10.7
geohydro_allkm_4,p49001,2024,98333,23.0
geohydro_allkm_4,p06025,2024,98334,10.7
geohydro_allkm_3,p06027,2024,98339,30.0
geohydro_allkm_2,p06033,2024,98341,29.2
geohydro_allkm_9,p32013,2025,33483,13.0
geohydro_allkm_9,p32013,2025,33484,13.0
geohydro_allkm_9,p06035,2025,34609,1.1
geohydro_allkm_9,p06033,2025,37246,9.0
geohydro_allkm_9,p32001,2025,37276,4.3
geohydro_allkm_9,p06045,2025,37624,9.0
geohydro_allkm_9,p06033,2025,37626,45.0
geohydro_allkm_9,p06033,2025,37627,50.0
geohydro_allkm_9,p06033,2025,37628,40.0
geohydro_allkm_9,p32001,2025,37656,7.3
geohydro_allkm_9,p06045,2025,38004,9.0
geohydro_allkm_9,p06045,2025,38005,15.8
geohydro_allkm_8,p06045,2025,38006,60.0
geohydro_allkm_8,p06033,2025,38007,60.0
geohydro_allkm_8,p06033,2025,38008,51.0
geohydro_allkm_9,p06033,2025,38009,40.0
geohydro_allkm_9,p32031,2025,38028,9.0
geohydro_allkm_9,p32031,2025,38029,10.0
geohydro_allkm_7,p06033,2025,38387,65.0
geohydro_allkm_8,p06033,2025,38388,60.0
geohydro_allkm_9,p06033,2025,38389,50.0
geohydro_allkm_10,p06113,2025,38390,21.815
geohydro_allkm_9,p32031,2025,38408,10.0
geohydro_allkm_9,p32029,2025,38410,10.0
geohydro_allkm_9,p32001,2025,38415,1.3
geohydro_allkm_9,p32001,2025,38416,1.3
geohydro_allkm_10,p32001,2025,38417,10.1
geohydro_allkm_8,p06033,2025,38767,68.0
geohydro_allkm_9,p06033,2025,38768,60.0
geohydro_allkm_9,p06033,2025,38769,33.1
geohydro_allkm_10,p06055,2025,38770,0.131
geohydro_allkm_9,p32031,2025,38788,10.0
geohydro_allkm_9,p32001,2025,38795,1.3
geohydro_allkm_9,p32001,2025,38797,10.1
geohydro_allkm_9,p32001,2025,38798,10.1
geohydro_allkm_9,p06055,2025,39148,50.0
geohydro_allkm_9,p06055,2025,39149,26.0
geohydro_allkm_9,p06055,2025,39528,40.0
geohydro_allkm_9,p06055,2025,39529,25.0
geohydro_allkm_9,p32001,2025,39556,10.1
geohydro_allkm_9,p32001,2025,39557,10.1
geohydro_allkm_9,p06055,2025,39908,3.055
geohydro_allkm_9,p06051,2025,44870,3.3
geohydro_allkm_9,p06051,2025,44871,3.3
geohydro_allkm_10,p06039,2025,45249,1.316
geohydro_allkm_9,p06051,2025,45251,3.3
geohydro_allkm_9,p06051,2025,45252,3.3
geohydro_allkm_10,p06039,2025,45629,3.3
geohydro_allkm_9,p06051,2025,45632,1.984
geohydro_allkm_9,p49001,2025,45675,8.7
geohydro_allkm_9,p06019,2025,46010,0.893
geohydro_allkm_9,p06051,2025,46011,2.407
geohydro_allkm_9,p06051,2025,46012,3.3
geohydro_allkm_9,p06027,2025,51713,23.4
geohydro_allkm_8,p06027,2025,51714,22.485
geohydro_allkm_8,p06027,2025,51715,9.27
geohydro_allkm_9,p06027,2025,51716,21.8
geohydro_allkm_9,p06027,2025,52093,20.851
geohydro_allkm_8,p06027,2025,52094,13.307
geohydro_allkm_8,p06027,2025,52095,10.495
geohydro_allkm_9,p06027,2025,52096,4.215
geohydro_allkm_10,p06107,2025,52472,13.76
geohydro_allkm_9,p06027,2025,52473,6.049
geohydro_allkm_8,p06027,2025,52474,3.698
geohydro_allkm_9,p06027,2025,52853,14.21
geohydro_allkm_9,p06027,2025,52854,27.0
geohydro_allkm_9,p06029,2025,53233,8.74
geohydro_allkm_9,p06027,2025,53234,0.021
geohydro_allkm_7,p06025,2025,63883,4.0
geohydro_allkm_7,p06025,2025,63884,10.0
geohydro_allkm_7,p06025,2025,63885,9.0
geohydro_allkm_7,p06025,2025,64263,29.0
geohydro_allkm_7,p06025,2025,64264,49.0
geohydro_allkm_7,p06025,2025,64265,42.0
geohydro_allkm_8,p06025,2025,64642,2.1
geohydro_allkm_8,p06025,2025,64643,44.0
geohydro_allkm_7,p06025,2025,64644,50.0
geohydro_allkm_7,p06025,2025,64645,46.0
geohydro_allkm_7,p06025,2025,64646,10.0
geohydro_allkm_8,p06025,2025,65023,17.0
geohydro_allkm_7,p06025,2025,65024,42.0
geohydro_allkm_7,p06025,2025,65025,10.7
geohydro_allkm_9,p06025,2025,65028,0.8
geohydro_allkm_8,p06025,2025,65404,10.7
geohydro_allkm_7,p06025,2025,65405,10.7
geohydro_allkm_8,p06025,2025,65785,8.0
geohydro_allkm_7,p06025,2025,65786,8.0
geohydro_allkm_8,p06025,2025,65787,2.718
geohydro_allkm_8,p06025,2025,66163,4.5
geohydro_allkm_8,p06025,2025,66164,12.0
geohydro_allkm_8,p06025,2025,66165,5.282
geohydro_allkm_7,p06025,2025,66166,14.4
geohydro_allkm_8,p06025,2025,66167,0.303
geohydro_allkm_8,p06025,2025,66542,3.0
geohydro_allkm_8,p06025,2025,66544,12.0
geohydro_allkm_7,p06025,2025,66546,7.697
geohydro_allkm_8,p06025,2025,66547,5.3
geohydro_allkm_8,p06025,2025,66549,0.8
geohydro_allkm_10,p06035,2025,98244,1.1
geohydro_allkm_9,p06055,2025,98290,16.9
geohydro_allkm_9,p16031,2025,98298,10.0
geohydro_allkm_8,p32001,2025,98310,10.1
geohydro_allkm_8,p06025,2025,98314,14.4
geohydro_allkm_8,p06025,2025,98315,34.3
geohydro_allkm_6,p32013,2025,98326,13.0
geohydro_allkm_6,p32001,2025,98328,10.0
geohydro_allkm_6,p32011,2025,98329,12.8
geohydro_allkm_5,p32001,2025,98331,56.0
geohydro_allkm_4,p06025,2025,98332,10.7
geohydro_allkm_4,p49001,2025,98333,23.0
geohydro_allkm_4,p06025,2025,98334,10.7
geohydro_allkm_3,p06027,2025,98339,30.0
geohydro_allkm_2,p06033,2025,98341,29.2
geohydro_allkm_9,p32013,2026,33483,13.0
geohydro_allkm_9,p32013,2026,33484,13.0
geohydro_allkm_9,p06035,2026,34609,1.1
geohydro_allkm_9,p06033,2026,37246,9.0
geohydro_allkm_9,p32001,2026,37276,4.3
geohydro_allkm_9,p06045,2026,37624,9.0
geohydro_allkm_9,p06033,2026,37626,45.0
geohydro_allkm_9,p06033,2026,37627,50.0
geohydro_allkm_9,p06033,2026,37628,40.0
geohydro_allkm_9,p32001,2026,37656,7.3
geohydro_allkm_9,p06045,2026,38004,9.0
geohydro_allkm_9,p06045,2026,38005,15.8
geohydro_allkm_8,p06045,2026,38006,60.0
geohydro_allkm_8,p06033,2026,38007,60.0
geohydro_allkm_8,p06033,2026,38008,51.0
geohydro_allkm_9,p06033,2026,38009,40.0
geohydro_allkm_9,p32031,2026,38028,9.0
geohydro_allkm_9,p32031,2026,38029,10.0
geohydro_allkm_7,p06033,2026,38387,65.0
geohydro_allkm_8,p06033,2026,38388,60.0
geohydro_allkm_9,p06033,2026,38389,50.0
geohydro_allkm_10,p06113,2026,38390,21.815
geohydro_allkm_9,p32031,2026,38408,10.0
geohydro_allkm_9,p32029,2026,38410,10.0
geohydro_allkm_9,p32001,2026,38415,1.3
geohydro_allkm_9,p32001,2026,38416,1.3
geohydro_allkm_10,p32001,2026,38417,10.1
geohydro_allkm_8,p06033,2026,38767,68.0
geohydro_allkm_9,p06033,2026,38768,60.0
geohydro_allkm_9,p06033,2026,38769,33.1
geohydro_allkm_10,p06055,2026,38770,0.131
geohydro_allkm_9,p32031,2026,38788,10.0
geohydro_allkm_9,p32001,2026,38795,1.3
geohydro_allkm_9,p32001,2026,38797,10.1
geohydro_allkm_9,p32001,2026,38798,10.1
geohydro_allkm_9,p06055,2026,39148,50.0
geohydro_allkm_9,p06055,2026,39149,26.0
geohydro_allkm_9,p06055,2026,39528,40.0
geohydro_allkm_9,p06055,2026,39529,25.0
geohydro_allkm_9,p32001,2026,39556,10.1
geohydro_allkm_9,p32001,2026,39557,10.1
geohydro_allkm_9,p06055,2026,39908,3.055
geohydro_allkm_9,p06051,2026,44870,3.3
geohydro_allkm_9,p06051,2026,44871,3.3
geohydro_allkm_10,p06039,2026,45249,1.316
geohydro_allkm_9,p06051,2026,45251,3.3
geohydro_allkm_9,p06051,2026,45252,3.3
geohydro_allkm_10,p06039,2026,45629,3.3
geohydro_allkm_9,p06051,2026,45632,1.984
geohydro_allkm_9,p49001,2026,45675,8.7
geohydro_allkm_9,p06019,2026,46010,0.893
geohydro_allkm_9,p06051,2026,46011,2.407
geohydro_allkm_9,p06051,2026,46012,3.3
geohydro_allkm_9,p06027,2026,51713,23.4
geohydro_allkm_8,p06027,2026,51714,22.485
geohydro_allkm_8,p06027,2026,51715,9.27
geohydro_allkm_9,p06027,2026,51716,21.8
geohydro_allkm_9,p06027,2026,52093,20.851
geohydro_allkm_8,p06027,2026,52094,13.307
geohydro_allkm_8,p06027,2026,52095,10.495
geohydro_allkm_9,p06027,2026,52096,4.215
geohydro_allkm_10,p06107,2026,52472,13.76
geohydro_allkm_9,p06027,2026,52473,6.049
geohydro_allkm_8,p06027,2026,52474,3.698
geohydro_allkm_9,p06027,2026,52853,14.21
geohydro_allkm_9,p06027,2026,52854,27.0
geohydro_allkm_9,p06029,2026,53233,8.74
geohydro_allkm_9,p06027,2026,53234,0.021
geohydro_allkm_7,p06025,2026,63883,4.0
geohydro_allkm_7,p06025,2026,63884,10.0
geohydro_allkm_7,p06025,2026,63885,9.0
geohydro_allkm_7,p06025,2026,64263,29.0
geohydro_allkm_7,p06025,2026,64264,49.0
geohydro_allkm_7,p06025,2026,64265,42.0
geohydro_allkm_8,p06025,2026,64642,2.1
geohydro_allkm_8,p06025,2026,64643,44.0
geohydro_allkm_7,p06025,2026,64644,50.0
geohydro_allkm_7,p06025,2026,64645,46.0
geohydro_allkm_7,p06025,2026,64646,10.0
geohydro_allkm_8,p06025,2026,65023,17.0
geohydro_allkm_7,p06025,2026,65024,42.0
geohydro_allkm_7,p06025,2026,65025,10.7
geohydro_allkm_9,p06025,2026,65028,0.8
geohydro_allkm_8,p06025,2026,65404,10.7
geohydro_allkm_7,p06025,2026,65405,10.7
geohydro_allkm_8,p06025,2026,65785,8.0
geohydro_allkm_7,p06025,2026,65786,8.0
geohydro_allkm_8,p06025,2026,65787,2.718
geohydro_allkm_8,p06025,2026,66163,4.5
geohydro_allkm_8,p06025,2026,66164,12.0
geohydro_allkm_8,p06025,2026,66165,5.282
geohydro_allkm_7,p06025,2026,66166,14.4
geohydro_allkm_8,p06025,2026,66167,0.303
geohydro_allkm_8,p06025,2026,66542,3.0
geohydro_allkm_8,p06025,2026,66544,12.0
geohydro_allkm_7,p06025,2026,66546,7.697
geohydro_allkm_8,p06025,2026,66547,5.3
geohydro_allkm_8,p06025,2026,66549,0.8
geohydro_allkm_10,p06035,2026,98244,1.1
geohydro_allkm_9,p06055,2026,98290,16.9
geohydro_allkm_9,p16031,2026,98298,10.0
geohydro_allkm_8,p32001,2026,98310,10.1
geohydro_allkm_8,p06025,2026,98314,14.4
geohydro_allkm_8,p06025,2026,98315,34.3
geohydro_allkm_6,p32013,2026,98326,13.0
geohydro_allkm_6,p32001,2026,98328,10.0
geohydro_allkm_6,p32011,2026,98329,12.8
geohydro_allkm_5,p32001,2026,98331,56.0
geohydro_allkm_4,p06025,2026,98332,10.7
geohydro_allkm_4,p49001,2026,98333,23.0
geohydro_allkm_4,p06025,2026,98334,10.7
geohydro_allkm_3,p06027,2026,98339,30.0
geohydro_allkm_2,p06033,2026,98341,29.2
geohydro_allkm_9,p32013,2027,33483,13.0
geohydro_allkm_9,p32013,2027,33484,13.0
geohydro_allkm_9,p06035,2027,34609,1.1
geohydro_allkm_9,p06033,2027,37246,9.0
geohydro_allkm_9,p32001,2027,37276,4.3
geohydro_allkm_9,p06045,2027,37624,9.0
geohydro_allkm_9,p06033,2027,37626,45.0
geohydro_allkm_9,p06033,2027,37627,50.0
geohydro_allkm_9,p06033,2027,37628,40.0
geohydro_allkm_9,p32001,2027,37656,7.3
geohydro_allkm_9,p06045,2027,38004,9.0
geohydro_allkm_9,p06045,2027,38005,15.8
geohydro_allkm_8,p06045,2027,38006,60.0
geohydro_allkm_8,p06033,2027,38007,60.0
geohydro_allkm_8,p06033,2027,38008,51.0
geohydro_allkm_9,p06033,2027,38009,40.0
geohydro_allkm_9,p32031,2027,38028,9.0
geohydro_allkm_9,p32031,2027,38029,10.0
geohydro_allkm_7,p06033,2027,38387,65.0
geohydro_allkm_8,p06033,2027,38388,60.0
geohydro_allkm_9,p06033,2027,38389,50.0
geohydro_allkm_10,p06113,2027,38390,21.815
geohydro_allkm_9,p32031,2027,38408,10.0
geohydro_allkm_9,p32029,2027,38410,10.0
geohydro_allkm_9,p32001,2027,38415,1.3
geohydro_allkm_9,p32001,2027,38416,1.3
geohydro_allkm_10,p32001,2027,38417,10.1
geohydro_allkm_8,p06033,2027,38767,68.0
geohydro_allkm_9,p06033,2027,38768,60.0
geohydro_allkm_9,p06033,2027,38769,33.1
geohydro_allkm_10,p06055,2027,38770,0.131
geohydro_allkm_9,p32031,2027,38788,10.0
geohydro_allkm_9,p32001,2027,38795,1.3
geohydro_allkm_9,p32001,2027,38797,10.1
geohydro_allkm_9,p32001,2027,38798,10.1
geohydro_allkm_9,p06055,2027,39148,50.0
geohydro_allkm_9,p06055,2027,39149,26.0
geohydro_allkm_9,p06055,2027,39528,40.0
geohydro_allkm_9,p06055,2027,39529,25.0
geohydro_allkm_9,p32001,2027,39556,10.1
geohydro_allkm_9,p32001,2027,39557,10.1
geohydro_allkm_9,p06055,2027,39908,3.055
geohydro_allkm_9,p06051,2027,44870,3.3
geohydro_allkm_9,p06051,2027,44871,3.3
geohydro_allkm_10,p06039,2027,45249,1.316
geohydro_allkm_9,p06051,2027,45251,3.3
geohydro_allkm_9,p06051,2027,45252,3.3
geohydro_allkm_10,p06039,2027,45629,3.3
geohydro_allkm_9,p06051,2027,45632,1.984
geohydro_allkm_9,p49001,2027,45675,8.7
geohydro_allkm_9,p06019,2027,46010,0.893
geohydro_allkm_9,p06051,2027,46011,2.407
geohydro_allkm_9,p06051,2027,46012,3.3
geohydro_allkm_9,p06027,2027,51713,23.4
geohydro_allkm_8,p06027,2027,51714,22.485
geohydro_allkm_8,p06027,2027,51715,9.27
geohydro_allkm_9,p06027,2027,51716,21.8
geohydro_allkm_9,p06027,2027,52093,20.851
geohydro_allkm_8,p06027,2027,52094,13.307
geohydro_allkm_8,p06027,2027,52095,10.495
geohydro_allkm_9,p06027,2027,52096,4.215
geohydro_allkm_10,p06107,2027,52472,13.76
geohydro_allkm_9,p06027,2027,52473,6.049
geohydro_allkm_8,p06027,2027,52474,3.698
geohydro_allkm_9,p06027,2027,52853,14.21
geohydro_allkm_9,p06027,2027,52854,27.0
geohydro_allkm_9,p06029,2027,53233,8.74
geohydro_allkm_9,p06027,2027,53234,0.021
geohydro_allkm_7,p06025,2027,63883,4.0
geohydro_allkm_7,p06025,2027,63884,10.0
geohydro_allkm_7,p06025,2027,63885,9.0
geohydro_allkm_7,p06025,2027,64263,29.0
geohydro_allkm_7,p06025,2027,64264,49.0
geohydro_allkm_7,p06025,2027,64265,42.0
geohydro_allkm_8,p06025,2027,64642,2.1
geohydro_allkm_7,p06025,2027,64644,50.0
geohydro_allkm_7,p06025,2027,64645,46.0
geohydro_allkm_7,p06025,2027,64646,10.0
geohydro_allkm_8,p06025,2027,65023,17.0
geohydro_allkm_7,p06025,2027,65024,42.0
geohydro_allkm_7,p06025,2027,65025,10.7
geohydro_allkm_9,p06025,2027,65028,0.8
geohydro_allkm_8,p06025,2027,65404,10.7
geohydro_allkm_7,p06025,2027,65405,10.7
geohydro_allkm_8,p06025,2027,65785,8.0
geohydro_allkm_7,p06025,2027,65786,8.0
geohydro_allkm_8,p06025,2027,65787,2.718
geohydro_allkm_8,p06025,2027,66163,4.5
geohydro_allkm_8,p06025,2027,66164,12.0
geohydro_allkm_8,p06025,2027,66165,5.282
geohydro_allkm_7,p06025,2027,66166,14.4
geohydro_allkm_8,p06025,2027,66167,0.303
geohydro_allkm_8,p06025,2027,66542,3.0
geohydro_allkm_8,p06025,2027,66544,12.0
geohydro_allkm_7,p06025,2027,66546,7.697
geohydro_allkm_8,p06025,2027,66547,5.3
geohydro_allkm_8,p06025,2027,66549,0.8
geohydro_allkm_10,p06035,2027,98244,1.1
geohydro_allkm_9,p06055,2027,98290,16.9
geohydro_allkm_9,p16031,2027,98298,10.0
geohydro_allkm_8,p32001,2027,98310,10.1
geohydro_allkm_8,p06025,2027,98314,14.4
geohydro_allkm_8,p06025,2027,98315,34.3
geohydro_allkm_6,p32013,2027,98326,13.0
geohydro_allkm_6,p32001,2027,98328,10.0
geohydro_allkm_6,p32011,2027,98329,12.8
geohydro_allkm_5,p32001,2027,98331,56.0
geohydro_allkm_4,p06025,2027,98332,10.7
geohydro_allkm_4,p49001,2027,98333,23.0
geohydro_allkm_4,p06025,2027,98334,10.7
geohydro_allkm_3,p06027,2027,98339,30.0
geohydro_allkm_2,p06033,2027,98341,29.2
geohydro_allkm_9,p32013,2028,33483,13.0
geohydro_allkm_9,p32013,2028,33484,13.0
geohydro_allkm_9,p06035,2028,34609,1.1
geohydro_allkm_9,p06033,2028,37246,9.0
geohydro_allkm_9,p32001,2028,37276,4.3
geohydro_allkm_9,p06045,2028,37624,9.0
geohydro_allkm_9,p06033,2028,37626,45.0
geohydro_allkm_9,p06033,2028,37627,50.0
geohydro_allkm_9,p06033,2028,37628,40.0
geohydro_allkm_9,p32001,2028,37656,7.3
geohydro_allkm_9,p06045,2028,38004,9.0
geohydro_allkm_9,p06045,2028,38005,15.8
geohydro_allkm_8,p06045,2028,38006,60.0
geohydro_allkm_8,p06033,2028,38007,60.0
geohydro_allkm_8,p06033,2028,38008,51.0
geohydro_allkm_9,p06033,2028,38009,40.0
geohydro_allkm_9,p32031,2028,38028,9.0
geohydro_allkm_9,p32031,2028,38029,10.0
geohydro_allkm_7,p06033,2028,38387,65.0
geohydro_allkm_8,p06033,2028,38388,60.0
geohydro_allkm_9,p06033,2028,38389,50.0
geohydro_allkm_10,p06113,2028,38390,21.815
geohydro_allkm_9,p32031,2028,38408,10.0
geohydro_allkm_9,p32029,2028,38410,10.0
geohydro_allkm_9,p32001,2028,38415,1.3
geohydro_allkm_9,p32001,2028,38416,1.3
geohydro_allkm_10,p32001,2028,38417,10.1
geohydro_allkm_8,p06033,2028,38767,68.0
geohydro_allkm_9,p06033,2028,38768,60.0
geohydro_allkm_9,p06033,2028,38769,33.1
geohydro_allkm_10,p06055,2028,38770,0.131
geohydro_allkm_9,p32031,2028,38788,10.0
geohydro_allkm_9,p32001,2028,38795,1.3
geohydro_allkm_9,p32001,2028,38797,10.1
geohydro_allkm_9,p32001,2028,38798,10.1
geohydro_allkm_9,p06055,2028,39148,50.0
geohydro_allkm_9,p06055,2028,39149,26.0
geohydro_allkm_9,p06055,2028,39528,40.0
geohydro_allkm_9,p06055,2028,39529,25.0
geohydro_allkm_9,p32001,2028,39556,10.1
geohydro_allkm_9,p32001,2028,39557,10.1
geohydro_allkm_9,p06055,2028,39908,3.055
geohydro_allkm_9,p06051,2028,44870,3.3
geohydro_allkm_9,p06051,2028,44871,3.3
geohydro_allkm_10,p06039,2028,45249,1.316
geohydro_allkm_9,p06051,2028,45251,3.3
geohydro_allkm_9,p06051,2028,45252,3.3
geohydro_allkm_10,p06039,2028,45629,3.3
geohydro_allkm_9,p06051,2028,45632,1.984
geohydro_allkm_9,p49001,2028,45675,8.7
geohydro_allkm_9,p06019,2028,46010,0.893
geohydro_allkm_9,p06051,2028,46011,2.407
geohydro_allkm_9,p06051,2028,46012,3.3
geohydro_allkm_9,p06027,2028,51713,23.4
geohydro_allkm_8,p06027,2028,51714,22.485
geohydro_allkm_8,p06027,2028,51715,9.27
geohydro_allkm_9,p06027,2028,51716,21.8
geohydro_allkm_9,p06027,2028,52093,20.851
geohydro_allkm_8,p06027,2028,52094,13.307
geohydro_allkm_8,p06027,2028,52095,10.495
geohydro_allkm_9,p06027,2028,52096,4.215
geohydro_allkm_10,p06107,2028,52472,13.76
geohydro_allkm_9,p06027,2028,52473,6.049
geohydro_allkm_8,p06027,2028,52474,3.698
geohydro_allkm_9,p06027,2028,52853,14.21
geohydro_allkm_9,p06027,2028,52854,27.0
geohydro_allkm_9,p06029,2028,53233,8.74
geohydro_allkm_9,p06027,2028,53234,0.021
geohydro_allkm_7,p06025,2028,63883,4.0
geohydro_allkm_7,p06025,2028,63884,10.0
geohydro_allkm_7,p06025,2028,63885,9.0
geohydro_allkm_7,p06025,2028,64263,29.0
geohydro_allkm_7,p06025,2028,64264,49.0
geohydro_allkm_7,p06025,2028,64265,42.0
geohydro_allkm_8,p06025,2028,64642,2.1
geohydro_allkm_7,p06025,2028,64644,50.0
geohydro_allkm_7,p06025,2028,64645,46.0
geohydro_allkm_7,p06025,2028,64646,10.0
geohydro_allkm_8,p06025,2028,65023,17.0
geohydro_allkm_7,p06025,2028,65024,42.0
geohydro_allkm_7,p06025,2028,65025,10.7
geohydro_allkm_9,p06025,2028,65028,0.8
geohydro_allkm_8,p06025,2028,65404,10.7
geohydro_allkm_7,p06025,2028,65405,10.7
geohydro_allkm_8,p06025,2028,65785,8.0
geohydro_allkm_7,p06025,2028,65786,8.0
geohydro_allkm_8,p06025,2028,65787,2.718
geohydro_allkm_8,p06025,2028,66163,4.5
geohydro_allkm_8,p06025,2028,66164,12.0
geohydro_allkm_8,p06025,2028,66165,5.282
geohydro_allkm_7,p06025,2028,66166,14.4
geohydro_allkm_8,p06025,2028,66167,0.303
geohydro_allkm_8,p06025,2028,66542,3.0
geohydro_allkm_8,p06025,2028,66544,12.0
geohydro_allkm_7,p06025,2028,66546,7.697
geohydro_allkm_8,p06025,2028,66547,5.3
geohydro_allkm_8,p06025,2028,66549,0.8
geohydro_allkm_10,p06035,2028,98244,1.1
geohydro_allkm_9,p06055,2028,98290,16.9
geohydro_allkm_9,p16031,2028,98298,10.0
geohydro_allkm_8,p32001,2028,98310,10.1
geohydro_allkm_8,p06025,2028,98314,14.4
geohydro_allkm_8,p06025,2028,98315,34.3
geohydro_allkm_6,p32013,2028,98326,13.0
geohydro_allkm_6,p32001,2028,98328,10.0
geohydro_allkm_6,p32011,2028,98329,12.8
geohydro_allkm_5,p32001,2028,98331,56.0
geohydro_allkm_4,p06025,2028,98332,10.7
geohydro_allkm_4,p49001,2028,98333,23.0
geohydro_allkm_4,p06025,2028,98334,10.7
geohydro_allkm_3,p06027,2028,98339,30.0
geohydro_allkm_2,p06033,2028,98341,29.2
geohydro_allkm_9,p32013,2029,33483,13.0
geohydro_allkm_9,p32013,2029,33484,13.0
geohydro_allkm_9,p06035,2029,34609,1.1
geohydro_allkm_9,p06033,2029,37246,9.0
geohydro_allkm_9,p32001,2029,37276,4.3
geohydro_allkm_9,p06045,2029,37624,9.0
geohydro_allkm_9,p06033,2029,37626,45.0
geohydro_allkm_9,p06033,2029,37627,50.0
geohydro_allkm_9,p06033,2029,37628,40.0
geohydro_allkm_9,p32001,2029,37656,7.3
geohydro_allkm_9,p06045,2029,38004,9.0
geohydro_allkm_9,p06045,2029,38005,15.8
geohydro_allkm_8,p06045,2029,38006,60.0
geohydro_allkm_8,p06033,2029,38007,60.0
geohydro_allkm_8,p06033,2029,38008,51.0
geohydro_allkm_9,p06033,2029,38009,40.0
geohydro_allkm_9,p32031,2029,38028,9.0
geohydro_allkm_9,p32031,2029,38029,10.0
geohydro_allkm_7,p06033,2029,38387,65.0
geohydro_allkm_8,p06033,2029,38388,60.0
geohydro_allkm_9,p06033,2029,38389,50.0
geohydro_allkm_10,p06113,2029,38390,21.815
geohydro_allkm_9,p32031,2029,38408,10.0
geohydro_allkm_9,p32029,2029,38410,10.0
geohydro_allkm_9,p32001,2029,38415,1.3
geohydro_allkm_9,p32001,2029,38416,1.3
geohydro_allkm_10,p32001,2029,38417,10.1
geohydro_allkm_8,p06033,2029,38767,68.0
geohydro_allkm_9,p06033,2029,38768,60.0
geohydro_allkm_9,p06033,2029,38769,33.1
geohydro_allkm_10,p06055,2029,38770,0.131
geohydro_allkm_9,p32031,2029,38788,10.0
geohydro_allkm_9,p32001,2029,38795,1.3
geohydro_allkm_9,p32001,2029,38797,10.1
geohydro_allkm_9,p32001,2029,38798,10.1
geohydro_allkm_9,p06055,2029,39148,50.0
geohydro_allkm_9,p06055,2029,39149,26.0
geohydro_allkm_9,p06055,2029,39528,40.0
geohydro_allkm_9,p06055,2029,39529,25.0
geohydro_allkm_9,p32001,2029,39556,10.1
geohydro_allkm_9,p32001,2029,39557,10.1
geohydro_allkm_9,p06055,2029,39908,3.055
geohydro_allkm_9,p06051,2029,44870,3.3
geohydro_allkm_9,p06051,2029,44871,3.3
geohydro_allkm_10,p06039,2029,45249,1.316
geohydro_allkm_9,p06051,2029,45251,3.3
geohydro_allkm_9,p06051,2029,45252,3.3
geohydro_allkm_10,p06039,2029,45629,3.3
geohydro_allkm_9,p06051,2029,45632,1.984
geohydro_allkm_9,p49001,2029,45675,8.7
geohydro_allkm_9,p06019,2029,46010,0.893
geohydro_allkm_9,p06051,2029,46011,2.407
geohydro_allkm_9,p06051,2029,46012,3.3
geohydro_allkm_9,p06027,2029,51713,23.4
geohydro_allkm_8,p06027,2029,51714,22.485
geohydro_allkm_8,p06027,2029,51715,9.27
geohydro_allkm_9,p06027,2029,51716,21.8
geohydro_allkm_9,p06027,2029,52093,20.851
geohydro_allkm_8,p06027,2029,52094,13.307
geohydro_allkm_8,p06027,2029,52095,10.495
geohydro_allkm_9,p06027,2029,52096,4.215
geohydro_allkm_10,p06107,2029,52472,13.76
geohydro_allkm_9,p06027,2029,52473,6.049
geohydro_allkm_8,p06027,2029,52474,3.698
geohydro_allkm_9,p06027,2029,52853,14.21
geohydro_allkm_9,p06027,2029,52854,27.0
geohydro_allkm_9,p06029,2029,53233,8.74
geohydro_allkm_9,p06027,2029,53234,0.021
geohydro_allkm_7,p06025,2029,63883,4.0
geohydro_allkm_7,p06025,2029,63884,10.0
geohydro_allkm_7,p06025,2029,63885,9.0
geohydro_allkm_7,p06025,2029,64263,29.0
geohydro_allkm_7,p06025,2029,64264,49.0
geohydro_allkm_7,p06025,2029,64265,42.0
geohydro_allkm_8,p06025,2029,64642,2.1
geohydro_allkm_7,p06025,2029,64644,50.0
geohydro_allkm_7,p06025,2029,64645,46.0
geohydro_allkm_7,p06025,2029,64646,10.0
geohydro_allkm_8,p06025,2029,65023,17.0
geohydro_allkm_7,p06025,2029,65024,42.0
geohydro_allkm_7,p06025,2029,65025,10.7
geohydro_allkm_9,p06025,2029,65028,0.8
geohydro_allkm_8,p06025,2029,65404,10.7
geohydro_allkm_7,p06025,2029,65405,10.7
geohydro_allkm_8,p06025,2029,65785,8.0
geohydro_allkm_7,p06025,2029,65786,8.0
geohydro_allkm_8,p06025,2029,65787,2.718
geohydro_allkm_8,p06025,2029,66163,4.5
geohydro_allkm_8,p06025,2029,66164,12.0
geohydro_allkm_8,p06025,2029,66165,5.282
geohydro_allkm_7,p06025,2029,66166,14.4
geohydro_allkm_8,p06025,2029,66167,0.303
geohydro_allkm_8,p06025,2029,66542,3.0
geohydro_allkm_8,p06025,2029,66544,12.0
geohydro_allkm_7,p06025,2029,66546,7.697
geohydro_allkm_8,p06025,2029,66547,5.3
geohydro_allkm_8,p06025,2029,66549,0.8
geohydro_allkm_10,p06035,2029,98244,1.1
geohydro_allkm_9,p06055,2029,98290,16.9
geohydro_allkm_9,p16031,2029,98298,10.0
geohydro_allkm_8,p32001,2029,98310,10.1
geohydro_allkm_8,p06025,2029,98314,14.4
geohydro_allkm_8,p06025,2029,98315,34.3
geohydro_allkm_6,p32013,2029,98326,13.0
geohydro_allkm_6,p32001,2029,98328,10.0
geohydro_allkm_6,p32011,2029,98329,12.8
geohydro_allkm_5,p32001,2029,98331,56.0
geohydro_allkm_4,p06025,2029,98332,10.7
geohydro_allkm_4,p49001,2029,98333,23.0
geohydro_allkm_4,p06025,2029,98334,10.7
geohydro_allkm_3,p06027,2029,98339,30.0
geohydro_allkm_2,p06033,2029,98341,29.2
geohydro_allkm_9,p32013,2030,33483,13.0
geohydro_allkm_9,p32013,2030,33484,13.0
geohydro_allkm_9,p06035,2030,34609,1.1
geohydro_allkm_9,p06033,2030,37246,9.0
geohydro_allkm_9,p32001,2030,37276,4.3
geohydro_allkm_9,p06045,2030,37624,9.0
geohydro_allkm_9,p06033,2030,37626,45.0
geohydro_allkm_9,p06033,2030,37627,50.0
geohydro_allkm_9,p06033,2030,37628,40.0
geohydro_allkm_9,p32001,2030,37656,7.3
geohydro_allkm_9,p06045,2030,38004,9.0
geohydro_allkm_9,p06045,2030,38005,15.8
geohydro_allkm_8,p06045,2030,38006,60.0
geohydro_allkm_8,p06033,2030,38007,60.0
geohydro_allkm_8,p06033,2030,38008,51.0
geohydro_allkm_9,p06033,2030,38009,40.0
geohydro_allkm_9,p32031,2030,38028,9.0
geohydro_allkm_9,p32031,2030,38029,10.0
geohydro_allkm_7,p06033,2030,38387,65.0
geohydro_allkm_8,p06033,2030,38388,60.0
geohydro_allkm_9,p06033,2030,38389,50.0
geohydro_allkm_10,p06113,2030,38390,21.815
geohydro_allkm_9,p32031,2030,38408,10.0
geohydro_allkm_9,p32029,2030,38410,10.0
geohydro_allkm_9,p32001,2030,38415,1.3
geohydro_allkm_9,p32001,2030,38416,1.3
geohydro_allkm_10,p32001,2030,38417,10.1
geohydro_allkm_8,p06033,2030,38767,68.0
geohydro_allkm_9,p06033,2030,38768,60.0
geohydro_allkm_9,p06033,2030,38769,33.1
geohydro_allkm_10,p06055,2030,38770,0.131
geohydro_allkm_9,p32031,2030,38788,10.0
geohydro_allkm_9,p32001,2030,38795,1.3
geohydro_allkm_9,p32001,2030,38797,10.1
geohydro_allkm_9,p32001,2030,38798,10.1
geohydro_allkm_9,p06055,2030,39148,50.0
geohydro_allkm_9,p06055,2030,39149,26.0
geohydro_allkm_9,p06055,2030,39528,40.0
geohydro_allkm_9,p06055,2030,39529,25.0
geohydro_allkm_9,p32001,2030,39556,10.1
geohydro_allkm_9,p32001,2030,39557,10.1
geohydro_allkm_9,p06055,2030,39908,3.055
geohydro_allkm_9,p06051,2030,44870,3.3
geohydro_allkm_9,p06051,2030,44871,3.3
geohydro_allkm_10,p06039,2030,45249,1.316
geohydro_allkm_9,p06051,2030,45251,3.3
geohydro_allkm_9,p06051,2030,45252,3.3
geohydro_allkm_10,p06039,2030,45629,3.3
geohydro_allkm_9,p06051,2030,45632,1.984
geohydro_allkm_9,p49001,2030,45675,8.7
geohydro_allkm_9,p06019,2030,46010,0.893
geohydro_allkm_9,p06051,2030,46011,2.407
geohydro_allkm_9,p06051,2030,46012,3.3
geohydro_allkm_9,p06027,2030,51713,23.4
geohydro_allkm_8,p06027,2030,51714,22.485
geohydro_allkm_8,p06027,2030,51715,9.27
geohydro_allkm_9,p06027,2030,51716,21.8
geohydro_allkm_9,p06027,2030,52093,20.851
geohydro_allkm_8,p06027,2030,52094,13.307
geohydro_allkm_8,p06027,2030,52095,10.495
geohydro_allkm_9,p06027,2030,52096,4.215
geohydro_allkm_10,p06107,2030,52472,13.76
geohydro_allkm_9,p06027,2030,52473,6.049
geohydro_allkm_8,p06027,2030,52474,3.698
geohydro_allkm_9,p06027,2030,52853,14.21
geohydro_allkm_9,p06027,2030,52854,27.0
geohydro_allkm_9,p06029,2030,53233,8.74
geohydro_allkm_9,p06027,2030,53234,0.021
geohydro_allkm_7,p06025,2030,63883,4.0
geohydro_allkm_7,p06025,2030,63884,10.0
geohydro_allkm_7,p06025,2030,63885,9.0
geohydro_allkm_7,p06025,2030,64263,29.0
geohydro_allkm_7,p06025,2030,64264,49.0
geohydro_allkm_7,p06025,2030,64265,42.0
geohydro_allkm_8,p06025,2030,64642,2.1
geohydro_allkm_7,p06025,2030,64644,50.0
geohydro_allkm_7,p06025,2030,64645,46.0
geohydro_allkm_7,p06025,2030,64646,10.0
geohydro_allkm_8,p06025,2030,65023,17.0
geohydro_allkm_7,p06025,2030,65024,42.0
geohydro_allkm_7,p06025,2030,65025,10.7
geohydro_allkm_9,p06025,2030,65028,0.8
geohydro_allkm_8,p06025,2030,65404,10.7
geohydro_allkm_7,p06025,2030,65405,10.7
geohydro_allkm_8,p06025,2030,65785,8.0
geohydro_allkm_7,p06025,2030,65786,8.0
geohydro_allkm_8,p06025,2030,65787,2.718
geohydro_allkm_8,p06025,2030,66163,4.5
geohydro_allkm_8,p06025,2030,66164,12.0
geohydro_allkm_8,p06025,2030,66165,5.282
geohydro_allkm_7,p06025,2030,66166,14.4
geohydro_allkm_8,p06025,2030,66167,0.303
geohydro_allkm_8,p06025,2030,66542,3.0
geohydro_allkm_8,p06025,2030,66544,12.0
geohydro_allkm_7,p06025,2030,66546,7.697
geohydro_allkm_8,p06025,2030,66547,5.3
geohydro_allkm_8,p06025,2030,66549,0.8
geohydro_allkm_10,p06035,2030,98244,1.1
geohydro_allkm_9,p06055,2030,98290,16.9
geohydro_allkm_9,p16031,2030,98298,10.0
geohydro_allkm_8,p32001,2030,98310,10.1
geohydro_allkm_8,p06025,2030,98314,14.4
geohydro_allkm_8,p06025,2030,98315,34.3
geohydro_allkm_6,p32013,2030,98326,13.0
geohydro_allkm_6,p32001,2030,98328,10.0
geohydro_allkm_6,p32011,2030,98329,12.8
geohydro_allkm_5,p32001,2030,98331,56.0
geohydro_allkm_4,p06025,2030,98332,10.7
geohydro_allkm_4,p49001,2030,98333,23.0
geohydro_allkm_4,p06025,2030,98334,10.7
geohydro_allkm_3,p06027,2030,98339,30.0
geohydro_allkm_2,p06033,2030,98341,29.2
geohydro_allkm_9,p32013,2031,33483,13.0
geohydro_allkm_9,p32013,2031,33484,13.0
geohydro_allkm_9,p32001,2031,37276,4.3
geohydro_allkm_9,p32001,2031,37656,7.3
geohydro_allkm_9,p32031,2031,38028,9.0
geohydro_allkm_9,p32031,2031,38029,10.0
geohydro_allkm_9,p32031,2031,38408,10.0
geohydro_allkm_9,p32029,2031,38410,10.0
geohydro_allkm_10,p32001,2031,38417,10.1
geohydro_allkm_9,p32031,2031,38788,10.0
geohydro_allkm_9,p32001,2031,38797,10.1
geohydro_allkm_9,p32001,2031,38798,10.1
geohydro_allkm_9,p32001,2031,39556,10.1
geohydro_allkm_9,p32001,2031,39557,10.1
geohydro_allkm_9,p49001,2031,45675,8.7
geohydro_allkm_7,p06025,2031,65025,10.7
geohydro_allkm_8,p06025,2031,65404,10.7
geohydro_allkm_7,p06025,2031,65405,10.7
geohydro_allkm_8,p06025,2031,65785,8.0
geohydro_allkm_7,p06025,2031,65786,8.0
geohydro_allkm_8,p06025,2031,65787,2.718
geohydro_allkm_8,p06025,2031,66163,4.5
geohydro_allkm_8,p06025,2031,66164,12.0
geohydro_allkm_8,p06025,2031,66165,5.282
geohydro_allkm_8,p06025,2031,66542,3.0
geohydro_allkm_8,p06025,2031,66544,12.0
geohydro_allkm_8,p06025,2031,66547,5.3
geohydro_allkm_9,p16031,2031,98298,10.0
geohydro_allkm_8,p32001,2031,98310,10.1
geohydro_allkm_6,p32013,2031,98326,13.0
geohydro_allkm_6,p32001,2031,98328,10.0
geohydro_allkm_4,p06025,2031,98332,10.7
geohydro_allkm_4,p06025,2031,98334,10.7
geohydro_allkm_9,p32013,2032,33483,13.0
geohydro_allkm_9,p32013,2032,33484,13.0
geohydro_allkm_9,p32001,2032,37276,4.3
geohydro_allkm_9,p32001,2032,37656,7.3
geohydro_allkm_9,p32031,2032,38028,9.0
geohydro_allkm_9,p32031,2032,38029,10.0
geohydro_allkm_9,p32031,2032,38408,10.0
geohydro_allkm_9,p32029,2032,38410,10.0
geohydro_allkm_10,p32001,2032,38417,10.1
geohydro_allkm_9,p32031,2032,38788,10.0
geohydro_allkm_9,p32001,2032,38797,10.1
geohydro_allkm_9,p32001,2032,38798,10.1
geohydro_allkm_9,p32001,2032,39556,10.1
geohydro_allkm_9,p32001,2032,39557,10.1
geohydro_allkm_9,p49001,2032,45675,8.7
geohydro_allkm_7,p06025,2032,65025,10.7
geohydro_allkm_8,p06025,2032,65404,10.7
geohydro_allkm_7,p06025,2032,65405,10.7
geohydro_allkm_8,p06025,2032,65785,8.0
geohydro_allkm_7,p06025,2032,65786,8.0
geohydro_allkm_8,p06025,2032,65787,2.718
geohydro_allkm_8,p06025,2032,66163,4.5
geohydro_allkm_8,p06025,2032,66164,12.0
geohydro_allkm_8,p06025,2032,66165,5.282
geohydro_allkm_8,p06025,2032,66542,3.0
geohydro_allkm_8,p06025,2032,66544,12.0
geohydro_allkm_8,p06025,2032,66547,5.3
geohydro_allkm_9,p16031,2032,98298,10.0
geohydro_allkm_8,p32001,2032,98310,10.1
geohydro_allkm_6,p32013,2032,98326,13.0
geohydro_allkm_6,p32001,2032,98328,10.0
geohydro_allkm_4,p06025,2032,98332,10.7
geohydro_allkm_4,p06025,2032,98334,10.7
geohydro_allkm_9,p32013,2033,33483,13.0
geohydro_allkm_9,p32013,2033,33484,13.0
geohydro_allkm_9,p32001,2033,37656,7.3
geohydro_allkm_9,p32031,2033,38028,9.0
geohydro_allkm_9,p32031,2033,38029,10.0
geohydro_allkm_9,p32031,2033,38408,10.0
geohydro_allkm_9,p32029,2033,38410,10.0
geohydro_allkm_10,p32001,2033,38417,10.1
geohydro_allkm_9,p32031,2033,38788,10.0
geohydro_allkm_9,p32001,2033,38797,10.1
geohydro_allkm_9,p32001,2033,38798,10.1
geohydro_allkm_9,p32001,2033,39556,10.1
geohydro_allkm_9,p32001,2033,39557,10.1
geohydro_allkm_9,p49001,2033,45675,8.7
geohydro_allkm_7,p06025,2033,65025,10.7
geohydro_allkm_8,p06025,2033,65404,10.7
geohydro_allkm_7,p06025,2033,65405,10.7
geohydro_allkm_8,p06025,2033,65785,8.0
geohydro_allkm_7,p06025,2033,65786,8.0
geohydro_allkm_8,p06025,2033,65787,2.718
geohydro_allkm_8,p06025,2033,66163,4.5
geohydro_allkm_8,p06025,2033,66164,12.0
geohydro_allkm_8,p06025,2033,66165,5.282
geohydro_allkm_8,p06025,2033,66542,3.0
geohydro_allkm_8,p06025,2033,66544,12.0
geohydro_allkm_8,p06025,2033,66547,5.3
geohydro_allkm_9,p16031,2033,98298,10.0
geohydro_allkm_8,p32001,2033,98310,10.1
geohydro_allkm_6,p32013,2033,98326,13.0
geohydro_allkm_6,p32001,2033,98328,10.0
geohydro_allkm_4,p06025,2033,98332,10.7
geohydro_allkm_4,p06025,2033,98334,10.7
geohydro_allkm_9,p32013,2034,33483,13.0
geohydro_allkm_9,p32013,2034,33484,13.0
geohydro_allkm_9,p32001,2034,37656,7.3
geohydro_allkm_9,p32031,2034,38028,9.0
geohydro_allkm_9,p32031,2034,38029,10.0
geohydro_allkm_9,p32031,2034,38408,10.0
geohydro_allkm_9,p32029,2034,38410,10.0
geohydro_allkm_10,p32001,2034,38417,10.1
geohydro_allkm_9,p32031,2034,38788,10.0
geohydro_allkm_9,p32001,2034,38797,10.1
geohydro_allkm_9,p32001,2034,38798,10.1
geohydro_allkm_9,p32001,2034,39556,10.1
geohydro_allkm_9,p32001,2034,39557,10.1
geohydro_allkm_9,p49001,2034,45675,8.7
geohydro_allkm_7,p06025,2034,65025,10.7
geohydro_allkm_8,p06025,2034,65404,10.7
geohydro_allkm_7,p06025,2034,65405,10.7
geohydro_allkm_8,p06025,2034,65787,2.718
geohydro_allkm_8,p06025,2034,66163,4.5
geohydro_allkm_8,p06025,2034,66164,12.0
geohydro_allkm_8,p06025,2034,66165,5.282
geohydro_allkm_8,p06025,2034,66542,3.0
geohydro_allkm_8,p06025,2034,66544,12.0
geohydro_allkm_8,p06025,2034,66547,5.3
geohydro_allkm_9,p16031,2034,98298,10.0
geohydro_allkm_8,p32001,2034,98310,10.1
geohydro_allkm_6,p32013,2034,98326,13.0
geohydro_allkm_6,p32001,2034,98328,10.0
geohydro_allkm_4,p06025,2034,98332,10.7
geohydro_allkm_4,p06025,2034,98334,10.7
geohydro_allkm_9,p32013,2035,33483,13.0
geohydro_allkm_9,p32013,2035,33484,13.0
geohydro_allkm_9,p32001,2035,37656,7.3
geohydro_allkm_9,p32031,2035,38028,9.0
geohydro_allkm_9,p32031,2035,38029,10.0
geohydro_allkm_9,p32031,2035,38408,10.0
geohydro_allkm_9,p32029,2035,38410,10.0
geohydro_allkm_10,p32001,2035,38417,10.1
geohydro_allkm_9,p32031,2035,38788,10.0
geohydro_allkm_9,p32001,2035,38797,10.1
geohydro_allkm_9,p32001,2035,38798,10.1
geohydro_allkm_9,p32001,2035,39556,10.1
geohydro_allkm_9,p32001,2035,39557,10.1
geohydro_allkm_9,p49001,2035,45675,8.7
geohydro_allkm_7,p06025,2035,65025,10.7
geohydro_allkm_8,p06025,2035,65404,10.7
geohydro_allkm_7,p06025,2035,65405,10.7
geohydro_allkm_8,p06025,2035,65787,2.718
geohydro_allkm_8,p06025,2035,66163,4.5
geohydro_allkm_8,p06025,2035,66164,12.0
geohydro_allkm_8,p06025,2035,66165,5.282
geohydro_allkm_8,p06025,2035,66542,3.0
geohydro_allkm_8,p06025,2035,66544,12.0
geohydro_allkm_8,p06025,2035,66547,5.3
geohydro_allkm_9,p16031,2035,98298,10.0
geohydro_allkm_8,p32001,2035,98310,10.1
geohydro_allkm_6,p32013,2035,98326,13.0
geohydro_allkm_6,p32001,2035,98328,10.0
geohydro_allkm_4,p06025,2035,98332,10.7
geohydro_allkm_4,p06025,2035,98334,10.7
geohydro_allkm_9,p32013,2036,33483,13.0
geohydro_allkm_9,p32013,2036,33484,13.0
geohydro_allkm_9,p32001,2036,37656,7.3
geohydro_allkm_9,p32031,2036,38028,9.0
geohydro_allkm_9,p32029,2036,38410,10.0
geohydro_allkm_10,p32001,2036,38417,10.1
geohydro_allkm_9,p32031,2036,38788,10.0
geohydro_allkm_9,p32001,2036,38797,10.1
geohydro_allkm_9,p32001,2036,38798,10.1
geohydro_allkm_9,p32001,2036,39556,10.1
geohydro_allkm_9,p32001,2036,39557,10.1
geohydro_allkm_9,p49001,2036,45675,8.7
geohydro_allkm_7,p06025,2036,65025,10.7
geohydro_allkm_8,p06025,2036,65404,10.7
geohydro_allkm_7,p06025,2036,65405,10.7
geohydro_allkm_8,p06025,2036,65787,2.718
geohydro_allkm_8,p06025,2036,66163,4.5
geohydro_allkm_8,p06025,2036,66164,12.0
geohydro_allkm_8,p06025,2036,66165,5.282
geohydro_allkm_8,p06025,2036,66542,3.0
geohydro_allkm_8,p06025,2036,66544,12.0
geohydro_allkm_8,p06025,2036,66547,5.3
geohydro_allkm_9,p16031,2036,98298,10.0
geohydro_allkm_8,p32001,2036,98310,10.1
geohydro_allkm_6,p32013,2036,98326,13.0
geohydro_allkm_6,p32001,2036,98328,10.0
geohydro_allkm_4,p06025,2036,98332,10.7
geohydro_allkm_4,p06025,2036,98334,10.7
geohydro_allkm_9,p32013,2037,33483,13.0
geohydro_allkm_9,p32013,2037,33484,13.0
geohydro_allkm_9,p32031,2037,38028,9.0
geohydro_allkm_9,p32029,2037,38410,10.0
geohydro_allkm_10,p32001,2037,38417,10.1
geohydro_allkm_9,p32031,2037,38788,10.0
geohydro_allkm_9,p32001,2037,38797,10.1
geohydro_allkm_9,p32001,2037,38798,10.1
geohydro_allkm_9,p32001,2037,39556,10.1
geohydro_allkm_9,p32001,2037,39557,10.1
geohydro_allkm_9,p49001,2037,45675,8.7
geohydro_allkm_7,p06025,2037,65025,10.7
geohydro_allkm_8,p06025,2037,65404,10.7
geohydro_allkm_7,p06025,2037,65405,10.7
geohydro_allkm_8,p06025,2037,65787,2.718
geohydro_allkm_8,p06025,2037,66165,5.282
geohydro_allkm_8,p06025,2037,66544,12.0
geohydro_allkm_8,p06025,2037,66547,5.3
geohydro_allkm_9,p16031,2037,98298,10.0
geohydro_allkm_8,p32001,2037,98310,10.1
geohydro_allkm_6,p32013,2037,98326,13.0
geohydro_allkm_4,p06025,2037,98332,10.7
geohydro_allkm_4,p06025,2037,98334,10.7
geohydro_allkm_9,p32013,2038,33483,13.0
geohydro_allkm_9,p32013,2038,33484,13.0
geohydro_allkm_9,p32029,2038,38410,10.0
geohydro_allkm_10,p32001,2038,38417,10.1
geohydro_allkm_9,p32031,2038,38788,10.0
geohydro_allkm_9,p32001,2038,38797,10.1
geohydro_allkm_9,p32001,2038,38798,10.1
geohydro_allkm_9,p32001,2038,39556,10.1
geohydro_allkm_9,p32001,2038,39557,10.1
geohydro_allkm_7,p06025,2038,65025,10.7
geohydro_allkm_8,p06025,2038,65404,10.7
geohydro_allkm_7,p06025,2038,65405,10.7
geohydro_allkm_8,p06025,2038,66544,12.0
geohydro_allkm_9,p16031,2038,98298,10.0
geohydro_allkm_8,p32001,2038,98310,10.1
geohydro_allkm_6,p32013,2038,98326,13.0
geohydro_allkm_4,p06025,2038,98332,10.7
geohydro_allkm_4,p06025,2038,98334,10.7
geohydro_allkm_9,p32013,2039,33483,13.0
geohydro_allkm_9,p32013,2039,33484,13.0
geohydro_allkm_10,p32001,2039,38417,10.1
geohydro_allkm_9,p32001,2039,38797,10.1
geohydro_allkm_9,p32001,2039,38798,10.1
geohydro_allkm_9,p32001,2039,39556,10.1
geohydro_allkm_9,p32001,2039,39557,10.1
geohydro_allkm_7,p06025,2039,65025,10.7
geohydro_allkm_8,p06025,2039,65404,10.7
geohydro_allkm_7,p06025,2039,65405,10.7
geohydro_allkm_8,p32001,2039,98310,10.1
geohydro_allkm_6,p32013,2039,98326,13.0
geohydro_allkm_4,p06025,2039,98332,10.7
geohydro_allkm_4,p06025,2039,98334,10.7
