"Andhra_Pradesh","Winter",2017,7114.725
"Andhra_Pradesh","Winter",2018,7652.2
"Andhra_Pradesh","Winter",2019,8225.425
"Andhra_Pradesh","Winter",2020,8836.7
"Andhra_Pradesh","Winter",2021,9495.7
"Andhra_Pradesh","Winter",2022,8893.625
"Andhra_Pradesh","Winter",2023,9473.025
"Andhra_Pradesh","Winter",2024,10133.225
"Andhra_Pradesh","Winter",2025,10912.55
"Andhra_Pradesh","Winter",2026,11758.975
"Andhra_Pradesh","Winter",2027,12684.2
"Andhra_Pradesh","Winter",2028,13652.925
"Andhra_Pradesh","Winter",2029,14674.775
"Andhra_Pradesh","Winter",2030,15877.975
"Andhra_Pradesh","Winter",2031,16737.875
"Andhra_Pradesh","Winter",2032,17594.9
"Andhra_Pradesh","Winter",2033,18573.3
"Andhra_Pradesh","Winter",2034,19551.55
"Andhra_Pradesh","Winter",2035,20529.975
"Andhra_Pradesh","Winter",2036,21508.35
"Andhra_Pradesh","Winter",2037,22486.7
"Andhra_Pradesh","Winter",2038,23452.775
"Andhra_Pradesh","Winter",2039,24418.925
"Andhra_Pradesh","Winter",2040,25385.1
"Andhra_Pradesh","Winter",2041,26351.225
"Andhra_Pradesh","Winter",2042,27317.3
"Andhra_Pradesh","Winter",2043,28283.6
"Andhra_Pradesh","Winter",2044,29249.7
"Andhra_Pradesh","Winter",2045,30215.75
"Andhra_Pradesh","Winter",2046,31181.875
"Andhra_Pradesh","Winter",2047,32148.125
"Andhra_Pradesh","Winter",2048,33114.175
"Andhra_Pradesh","Winter",2049,34080.3
"Andhra_Pradesh","Winter",2050,35046.45
"Arunachal_Pradesh","Winter",2017,155.625
"Arunachal_Pradesh","Winter",2018,172.775
"Arunachal_Pradesh","Winter",2019,191.65
"Arunachal_Pradesh","Winter",2020,213.4
"Arunachal_Pradesh","Winter",2021,237.6
"Arunachal_Pradesh","Winter",2022,141.25
"Arunachal_Pradesh","Winter",2023,148.625
"Arunachal_Pradesh","Winter",2024,156.4
"Arunachal_Pradesh","Winter",2025,164.775
"Arunachal_Pradesh","Winter",2026,173.15
"Arunachal_Pradesh","Winter",2027,182.2
"Arunachal_Pradesh","Winter",2028,190.925
"Arunachal_Pradesh","Winter",2029,200.4
"Arunachal_Pradesh","Winter",2030,210.45
"Arunachal_Pradesh","Winter",2031,220.45
"Arunachal_Pradesh","Winter",2032,228.7
"Arunachal_Pradesh","Winter",2033,239.7
"Arunachal_Pradesh","Winter",2034,250.7
"Arunachal_Pradesh","Winter",2035,261.45
"Arunachal_Pradesh","Winter",2036,272.5
"Arunachal_Pradesh","Winter",2037,283.275
"Arunachal_Pradesh","Winter",2038,295.925
"Arunachal_Pradesh","Winter",2039,308.425
"Arunachal_Pradesh","Winter",2040,321.175
"Arunachal_Pradesh","Winter",2041,333.425
"Arunachal_Pradesh","Winter",2042,346.225
"Arunachal_Pradesh","Winter",2043,358.75
"Arunachal_Pradesh","Winter",2044,371.425
"Arunachal_Pradesh","Winter",2045,383.85
"Arunachal_Pradesh","Winter",2046,396.6
"Arunachal_Pradesh","Winter",2047,409.1
"Arunachal_Pradesh","Winter",2048,421.75
"Arunachal_Pradesh","Winter",2049,433.9
"Arunachal_Pradesh","Winter",2050,446.9
"Assam","Winter",2017,1761.125
"Assam","Winter",2018,1932
"Assam","Winter",2019,2122.3
"Assam","Winter",2020,2311.8
"Assam","Winter",2021,2506.65
"Assam","Winter",2022,1974.75
"Assam","Winter",2023,2194.225
"Assam","Winter",2024,2332.575
"Assam","Winter",2025,2483
"Assam","Winter",2026,2641.725
"Assam","Winter",2027,2811.4
"Assam","Winter",2028,2991.275
"Assam","Winter",2029,3184.15
"Assam","Winter",2030,3400.025
"Assam","Winter",2031,3604.725
"Assam","Winter",2032,3810.525
"Assam","Winter",2033,4053.375
"Assam","Winter",2034,4296.325
"Assam","Winter",2035,4539.1
"Assam","Winter",2036,4782.025
"Assam","Winter",2037,5024.9
"Assam","Winter",2038,5312.675
"Assam","Winter",2039,5600.4
"Assam","Winter",2040,5888.25
"Assam","Winter",2041,6176
"Assam","Winter",2042,6463.775
"Assam","Winter",2043,6751.575
"Assam","Winter",2044,7039.225
"Assam","Winter",2045,7327.125
"Assam","Winter",2046,7614.85
"Assam","Winter",2047,7902.6
"Assam","Winter",2048,8190.425
"Assam","Winter",2049,8478.2
"Assam","Winter",2050,8765.95
"Bihar","Winter",2017,4130.125
"Bihar","Winter",2018,4289.65
"Bihar","Winter",2019,4643.825
"Bihar","Winter",2020,5263.275
"Bihar","Winter",2021,5752.8
"Bihar","Winter",2022,5908.7
"Bihar","Winter",2023,6487.6
"Bihar","Winter",2024,7080.475
"Bihar","Winter",2025,7701.5
"Bihar","Winter",2026,8418.125
"Bihar","Winter",2027,9112.85
"Bihar","Winter",2028,9852.75
"Bihar","Winter",2029,10632.325
"Bihar","Winter",2030,11518.725
"Bihar","Winter",2031,12304.825
"Bihar","Winter",2032,13061.85
"Bihar","Winter",2033,14022.275
"Bihar","Winter",2034,14982.65
"Bihar","Winter",2035,15943.025
"Bihar","Winter",2036,16903.5
"Bihar","Winter",2037,17863.825
"Bihar","Winter",2038,18980.8
"Bihar","Winter",2039,20097.8
"Bihar","Winter",2040,21214.675
"Bihar","Winter",2041,22331.675
"Bihar","Winter",2042,23448.725
"Bihar","Winter",2043,24565.625
"Bihar","Winter",2044,25682.625
"Bihar","Winter",2045,26799.55
"Bihar","Winter",2046,27916.525
"Bihar","Winter",2047,29033.525
"Bihar","Winter",2048,30150.5
"Bihar","Winter",2049,31267.5
"Bihar","Winter",2050,32384.325
"Chandigarh","Winter",2017,285.075
"Chandigarh","Winter",2018,295.425
"Chandigarh","Winter",2019,306.1
"Chandigarh","Winter",2020,317.225
"Chandigarh","Winter",2021,328.825
"Chandigarh","Winter",2022,224.817204301075
"Chandigarh","Winter",2023,244.1
"Chandigarh","Winter",2024,250.475
"Chandigarh","Winter",2025,256.35
"Chandigarh","Winter",2026,262.025
"Chandigarh","Winter",2027,267.8
"Chandigarh","Winter",2028,273.575
"Chandigarh","Winter",2029,279.525
"Chandigarh","Winter",2030,286.45
"Chandigarh","Winter",2031,294.8
"Chandigarh","Winter",2032,301.725
"Chandigarh","Winter",2033,308.85
"Chandigarh","Winter",2034,316.225
"Chandigarh","Winter",2035,323.4
"Chandigarh","Winter",2036,330.625
"Chandigarh","Winter",2037,337.925
"Chandigarh","Winter",2038,345.854838709677
"Chandigarh","Winter",2039,354.47311827957
"Chandigarh","Winter",2040,362.962365591398
"Chandigarh","Winter",2041,371.5
"Chandigarh","Winter",2042,380.059139784946
"Chandigarh","Winter",2043,388.569892473118
"Chandigarh","Winter",2044,397.112903225806
"Chandigarh","Winter",2045,405.612903225806
"Chandigarh","Winter",2046,414.155913978495
"Chandigarh","Winter",2047,422.715053763441
"Chandigarh","Winter",2048,431.177419354839
"Chandigarh","Winter",2049,439.822580645161
"Chandigarh","Winter",2050,448.354838709677
"Chhattisgarh","Winter",2017,4085.625
"Chhattisgarh","Winter",2018,4418.175
"Chhattisgarh","Winter",2019,4732.625
"Chhattisgarh","Winter",2020,5051.375
"Chhattisgarh","Winter",2021,5397.875
"Chhattisgarh","Winter",2022,4376.35
"Chhattisgarh","Winter",2023,4668.625
"Chhattisgarh","Winter",2024,4973.325
"Chhattisgarh","Winter",2025,5342.275
"Chhattisgarh","Winter",2026,5742.6
"Chhattisgarh","Winter",2027,6168.025
"Chhattisgarh","Winter",2028,6621.35
"Chhattisgarh","Winter",2029,7099.675
"Chhattisgarh","Winter",2030,7667.775
"Chhattisgarh","Winter",2031,8052.85
"Chhattisgarh","Winter",2032,8457.025
"Chhattisgarh","Winter",2033,8985.975
"Chhattisgarh","Winter",2034,9514.875
"Chhattisgarh","Winter",2035,10043.725
"Chhattisgarh","Winter",2036,10572.65
"Chhattisgarh","Winter",2037,11101.525
"Chhattisgarh","Winter",2038,11688.225
"Chhattisgarh","Winter",2039,12274.85
"Chhattisgarh","Winter",2040,12861.675
"Chhattisgarh","Winter",2041,13448.4
"Chhattisgarh","Winter",2042,14035.075
"Chhattisgarh","Winter",2043,14621.85
"Chhattisgarh","Winter",2044,15208.5
"Chhattisgarh","Winter",2045,15795.225
"Chhattisgarh","Winter",2046,16382.1
"Chhattisgarh","Winter",2047,16968.65
"Chhattisgarh","Winter",2048,17555.4
"Chhattisgarh","Winter",2049,18142.175
"Chhattisgarh","Winter",2050,18728.825
"Dadra_Nagar_Haveli","Winter",2017,878.025
"Dadra_Nagar_Haveli","Winter",2018,951.95
"Dadra_Nagar_Haveli","Winter",2019,1027.875
"Dadra_Nagar_Haveli","Winter",2020,1105.9
"Dadra_Nagar_Haveli","Winter",2021,1184.75
"Dadra_Nagar_Haveli","Winter",2022,836.475
"Dadra_Nagar_Haveli","Winter",2023,955.5
"Dadra_Nagar_Haveli","Winter",2024,1003.525
"Dadra_Nagar_Haveli","Winter",2025,1061.175
"Dadra_Nagar_Haveli","Winter",2026,1121.3
"Dadra_Nagar_Haveli","Winter",2027,1184.05
"Dadra_Nagar_Haveli","Winter",2028,1250.225
"Dadra_Nagar_Haveli","Winter",2029,1318.25
"Dadra_Nagar_Haveli","Winter",2030,1400.55
"Dadra_Nagar_Haveli","Winter",2031,1447.625
"Dadra_Nagar_Haveli","Winter",2032,1493.85
"Dadra_Nagar_Haveli","Winter",2033,1568.4
"Dadra_Nagar_Haveli","Winter",2034,1642.925
"Dadra_Nagar_Haveli","Winter",2035,1717.5
"Dadra_Nagar_Haveli","Winter",2036,1792.075
"Dadra_Nagar_Haveli","Winter",2037,1866.75
"Dadra_Nagar_Haveli","Winter",2038,1955.675
"Dadra_Nagar_Haveli","Winter",2039,2044.65
"Dadra_Nagar_Haveli","Winter",2040,2133.675
"Dadra_Nagar_Haveli","Winter",2041,2222.725
"Dadra_Nagar_Haveli","Winter",2042,2311.75
"Dadra_Nagar_Haveli","Winter",2043,2400.725
"Dadra_Nagar_Haveli","Winter",2044,2489.725
"Dadra_Nagar_Haveli","Winter",2045,2578.775
"Dadra_Nagar_Haveli","Winter",2046,2667.8
"Dadra_Nagar_Haveli","Winter",2047,2756.75
"Dadra_Nagar_Haveli","Winter",2048,2845.8
"Dadra_Nagar_Haveli","Winter",2049,2934.725
"Dadra_Nagar_Haveli","Winter",2050,3023.725
"Daman_Diu","Winter",2017,293.425
"Daman_Diu","Winter",2018,312.975
"Daman_Diu","Winter",2019,329.3
"Daman_Diu","Winter",2020,346.375
"Daman_Diu","Winter",2021,364.375
"Daman_Diu","Winter",2022,320.45
"Daman_Diu","Winter",2023,347.9
"Daman_Diu","Winter",2024,364.275
"Daman_Diu","Winter",2025,383.8
"Daman_Diu","Winter",2026,403.625
"Daman_Diu","Winter",2027,423.325
"Daman_Diu","Winter",2028,447.375
"Daman_Diu","Winter",2029,471.325
"Daman_Diu","Winter",2030,500.475
"Daman_Diu","Winter",2031,521
"Daman_Diu","Winter",2032,541.6
"Daman_Diu","Winter",2033,570.475
"Daman_Diu","Winter",2034,599.3
"Daman_Diu","Winter",2035,628.175
"Daman_Diu","Winter",2036,667.414634146341
"Daman_Diu","Winter",2037,711.646341463415
"Daman_Diu","Winter",2038,718.341463414634
"Daman_Diu","Winter",2039,747.425
"Daman_Diu","Winter",2040,778.175
"Daman_Diu","Winter",2041,808.775
"Daman_Diu","Winter",2042,839.4
"Daman_Diu","Winter",2043,870.225
"Daman_Diu","Winter",2044,900.95
"Daman_Diu","Winter",2045,931.575
"Daman_Diu","Winter",2046,962.3
"Daman_Diu","Winter",2047,993.075
"Daman_Diu","Winter",2048,1023.775
"Daman_Diu","Winter",2049,1054.375
"Daman_Diu","Winter",2050,1085.125
"Delhi","Winter",2017,3986.55
"Delhi","Winter",2018,4123
"Delhi","Winter",2019,4265.15
"Delhi","Winter",2020,4409
"Delhi","Winter",2021,4554.225
"Delhi","Winter",2022,3844.70967741935
"Delhi","Winter",2023,4258.125
"Delhi","Winter",2024,4449.775
"Delhi","Winter",2025,4647.84946236559
"Delhi","Winter",2026,4868.29569892473
"Delhi","Winter",2027,5095.86021505376
"Delhi","Winter",2028,5336.4247311828
"Delhi","Winter",2029,5590.91935483871
"Delhi","Winter",2030,5874.65591397849
"Delhi","Winter",2031,6145.61290322581
"Delhi","Winter",2032,6426.91935483871
"Delhi","Winter",2033,6735.84408602151
"Delhi","Winter",2034,7044.73655913978
"Delhi","Winter",2035,7353.64516129032
"Delhi","Winter",2036,7662.50537634409
"Delhi","Winter",2037,7971.41935483871
"Delhi","Winter",2038,8351.76344086022
"Delhi","Winter",2039,8732.22043010753
"Delhi","Winter",2040,9112.54301075269
"Delhi","Winter",2041,9492.89784946237
"Delhi","Winter",2042,9873.33333333333
"Delhi","Winter",2043,10253.6935483871
"Delhi","Winter",2044,10634.0752688172
"Delhi","Winter",2045,11014.4569892473
"Delhi","Winter",2046,11394.8333333333
"Delhi","Winter",2047,11775.247311828
"Delhi","Winter",2048,12155.5537634409
"Delhi","Winter",2049,12535.9569892473
"Delhi","Winter",2050,12916.3440860215
"Goa","Winter",2017,598.55
"Goa","Winter",2018,636.925
"Goa","Winter",2019,674.075
"Goa","Winter",2020,711.15
"Goa","Winter",2021,747.75
"Goa","Winter",2022,602.225
"Goa","Winter",2023,628.95
"Goa","Winter",2024,657.425
"Goa","Winter",2025,688.45
"Goa","Winter",2026,721.275
"Goa","Winter",2027,755.1
"Goa","Winter",2028,790.85
"Goa","Winter",2029,827.625
"Goa","Winter",2030,871.8
"Goa","Winter",2031,906.475
"Goa","Winter",2032,941.225
"Goa","Winter",2033,985.625
"Goa","Winter",2034,1029.8
"Goa","Winter",2035,1074.6
"Goa","Winter",2036,1118.8
"Goa","Winter",2037,1163.45
"Goa","Winter",2038,1216
"Goa","Winter",2039,1268.525
"Goa","Winter",2040,1321.375
"Goa","Winter",2041,1373.85
"Goa","Winter",2042,1426.775
"Goa","Winter",2043,1479.275
"Goa","Winter",2044,1531.725
"Goa","Winter",2045,1584.6
"Goa","Winter",2046,1637.075
"Goa","Winter",2047,1689.95
"Goa","Winter",2048,1742.425
"Goa","Winter",2049,1794.975
"Goa","Winter",2050,1847.85
"Gujarat","Winter",2017,13999.025
"Gujarat","Winter",2018,14989.175
"Gujarat","Winter",2019,15998.525
"Gujarat","Winter",2020,17034.825
"Gujarat","Winter",2021,18088.875
"Gujarat","Winter",2022,16429.875
"Gujarat","Winter",2023,18285.375
"Gujarat","Winter",2024,19337.575
"Gujarat","Winter",2025,20658.9
"Gujarat","Winter",2026,22101.375
"Gujarat","Winter",2027,23621.1
"Gujarat","Winter",2028,25233.75
"Gujarat","Winter",2029,26916
"Gujarat","Winter",2030,29039.5
"Gujarat","Winter",2031,30065.525
"Gujarat","Winter",2032,31075.175
"Gujarat","Winter",2033,32673.35
"Gujarat","Winter",2034,34271.55
"Gujarat","Winter",2035,35869.6
"Gujarat","Winter",2036,37467.8
"Gujarat","Winter",2037,39066
"Gujarat","Winter",2038,40734.425
"Gujarat","Winter",2039,42402.75
"Gujarat","Winter",2040,44071.225
"Gujarat","Winter",2041,45739.625
"Gujarat","Winter",2042,47407.9
"Gujarat","Winter",2043,49076.25
"Gujarat","Winter",2044,50744.75
"Gujarat","Winter",2045,52413.05
"Gujarat","Winter",2046,54081.575
"Gujarat","Winter",2047,55749.925
"Gujarat","Winter",2048,57418.325
"Gujarat","Winter",2049,59086.65
"Gujarat","Winter",2050,60755.15
"Haryana","Winter",2017,6468.9
"Haryana","Winter",2018,6822.1
"Haryana","Winter",2019,7202.55
"Haryana","Winter",2020,7611.825
"Haryana","Winter",2021,8024.65
"Haryana","Winter",2022,7399.375
"Haryana","Winter",2023,8108.725
"Haryana","Winter",2024,8626.85
"Haryana","Winter",2025,9223.875
"Haryana","Winter",2026,9874.35
"Haryana","Winter",2027,10573.1
"Haryana","Winter",2028,11305.525
"Haryana","Winter",2029,12080.2
"Haryana","Winter",2030,12993.525
"Haryana","Winter",2031,13654.1
"Haryana","Winter",2032,14358.025
"Haryana","Winter",2033,15115.25
"Haryana","Winter",2034,15872.4
"Haryana","Winter",2035,16629.675
"Haryana","Winter",2036,17386.975
"Haryana","Winter",2037,18144.225
"Haryana","Winter",2038,18949.625
"Haryana","Winter",2039,19755.325
"Haryana","Winter",2040,20560.85
"Haryana","Winter",2041,21366.55
"Haryana","Winter",2042,22172.025
"Haryana","Winter",2043,22977.625
"Haryana","Winter",2044,23783.25
"Haryana","Winter",2045,24588.85
"Haryana","Winter",2046,25394.35
"Haryana","Winter",2047,26200
"Haryana","Winter",2048,27005.475
"Haryana","Winter",2049,27811.1
"Haryana","Winter",2050,28616.675
"Himachal_Pradesh","Winter",2017,1586.95
"Himachal_Pradesh","Winter",2018,1650.8
"Himachal_Pradesh","Winter",2019,1717.6
"Himachal_Pradesh","Winter",2020,1787.5
"Himachal_Pradesh","Winter",2021,1861.4
"Himachal_Pradesh","Winter",2022,1893.725
"Himachal_Pradesh","Winter",2023,1971.7
"Himachal_Pradesh","Winter",2024,2058.675
"Himachal_Pradesh","Winter",2025,2161.275
"Himachal_Pradesh","Winter",2026,2269.3
"Himachal_Pradesh","Winter",2027,2381.075
"Himachal_Pradesh","Winter",2028,2496.55
"Himachal_Pradesh","Winter",2029,2613.7
"Himachal_Pradesh","Winter",2030,2753.95
"Himachal_Pradesh","Winter",2031,2846.45
"Himachal_Pradesh","Winter",2032,2937.6
"Himachal_Pradesh","Winter",2033,3060.3
"Himachal_Pradesh","Winter",2034,3183.075
"Himachal_Pradesh","Winter",2035,3305.85
"Himachal_Pradesh","Winter",2036,3428.525
"Himachal_Pradesh","Winter",2037,3551.35
"Himachal_Pradesh","Winter",2038,3684.1
"Himachal_Pradesh","Winter",2039,3816.725
"Himachal_Pradesh","Winter",2040,3949.525
"Himachal_Pradesh","Winter",2041,4082.2
"Himachal_Pradesh","Winter",2042,4214.875
"Himachal_Pradesh","Winter",2043,4347.6
"Himachal_Pradesh","Winter",2044,4480.35
"Himachal_Pradesh","Winter",2045,4613
"Himachal_Pradesh","Winter",2046,4745.775
"Himachal_Pradesh","Winter",2047,4878.325
"Himachal_Pradesh","Winter",2048,5011.175
"Himachal_Pradesh","Winter",2049,5143.825
"Himachal_Pradesh","Winter",2050,5276.55
"Jammu_Kashmir","Winter",2017,2315.725
"Jammu_Kashmir","Winter",2018,2423.775
"Jammu_Kashmir","Winter",2019,2544.4
"Jammu_Kashmir","Winter",2020,2676.875
"Jammu_Kashmir","Winter",2021,2793.275
"Jammu_Kashmir","Winter",2022,2879.1
"Jammu_Kashmir","Winter",2023,2913.15
"Jammu_Kashmir","Winter",2024,3098.25
"Jammu_Kashmir","Winter",2025,3182.75
"Jammu_Kashmir","Winter",2026,3244.5
"Jammu_Kashmir","Winter",2027,3348.975
"Jammu_Kashmir","Winter",2028,3525.5
"Jammu_Kashmir","Winter",2029,3704.05
"Jammu_Kashmir","Winter",2030,3884.15
"Jammu_Kashmir","Winter",2031,4046.25
"Jammu_Kashmir","Winter",2032,4201.075
"Jammu_Kashmir","Winter",2033,4407.925
"Jammu_Kashmir","Winter",2034,4614.7
"Jammu_Kashmir","Winter",2035,4821.85
"Jammu_Kashmir","Winter",2036,5028.75
"Jammu_Kashmir","Winter",2037,5235.65
"Jammu_Kashmir","Winter",2038,5485.525
"Jammu_Kashmir","Winter",2039,5735.45
"Jammu_Kashmir","Winter",2040,5985.125
"Jammu_Kashmir","Winter",2041,6235
"Jammu_Kashmir","Winter",2042,6484.95
"Jammu_Kashmir","Winter",2043,6734.775
"Jammu_Kashmir","Winter",2044,6984.625
"Jammu_Kashmir","Winter",2045,7234.425
"Jammu_Kashmir","Winter",2046,7484.225
"Jammu_Kashmir","Winter",2047,7734.2
"Jammu_Kashmir","Winter",2048,7984
"Jammu_Kashmir","Winter",2049,8233.8
"Jammu_Kashmir","Winter",2050,8483.525
"Jharkhand","Winter",2017,3854.3
"Jharkhand","Winter",2018,4043.05
"Jharkhand","Winter",2019,4299.675
"Jharkhand","Winter",2020,4538.85
"Jharkhand","Winter",2021,4795.5
"Jharkhand","Winter",2022,2622.775
"Jharkhand","Winter",2023,2769.8
"Jharkhand","Winter",2024,2926.75
"Jharkhand","Winter",2025,3111.35
"Jharkhand","Winter",2026,3310.375
"Jharkhand","Winter",2027,3525.35
"Jharkhand","Winter",2028,3747.625
"Jharkhand","Winter",2029,3978.475
"Jharkhand","Winter",2030,4256.9
"Jharkhand","Winter",2031,4444.875
"Jharkhand","Winter",2032,4627.25
"Jharkhand","Winter",2033,4888.85
"Jharkhand","Winter",2034,5150.35
"Jharkhand","Winter",2035,5411.875
"Jharkhand","Winter",2036,5673.525
"Jharkhand","Winter",2037,5935.075
"Jharkhand","Winter",2038,6239.35
"Jharkhand","Winter",2039,6543.75
"Jharkhand","Winter",2040,6848.1
"Jharkhand","Winter",2041,7152.3
"Jharkhand","Winter",2042,7456.725
"Jharkhand","Winter",2043,7761.2
"Jharkhand","Winter",2044,8065.45
"Jharkhand","Winter",2045,8369.75
"Jharkhand","Winter",2046,8674.075
"Jharkhand","Winter",2047,8978.4
"Jharkhand","Winter",2048,9282.8
"Jharkhand","Winter",2049,9587.2
"Jharkhand","Winter",2050,9891.525
"Karnataka","Winter",2017,9895.70430107527
"Karnataka","Winter",2018,10450.688172043
"Karnataka","Winter",2019,11016.3333333333
"Karnataka","Winter",2020,11611.2956989247
"Karnataka","Winter",2021,12237.9032258065
"Karnataka","Winter",2022,12022.752688172
"Karnataka","Winter",2023,12265.6935483871
"Karnataka","Winter",2024,12716.8064516129
"Karnataka","Winter",2025,13231.9032258065
"Karnataka","Winter",2026,13771.4892473118
"Karnataka","Winter",2027,14464.8817204301
"Karnataka","Winter",2028,15080.7903225806
"Karnataka","Winter",2029,15700.8870967742
"Karnataka","Winter",2030,16425.1666666667
"Karnataka","Winter",2031,16982.9462365591
"Karnataka","Winter",2032,17506.7849462366
"Karnataka","Winter",2033,18208.3387096774
"Karnataka","Winter",2034,18909.8870967742
"Karnataka","Winter",2035,19611.4892473118
"Karnataka","Winter",2036,20313.064516129
"Karnataka","Winter",2037,21014.6451612903
"Karnataka","Winter",2038,21816.9086021505
"Karnataka","Winter",2039,22619.1720430108
"Karnataka","Winter",2040,23421.4247311828
"Karnataka","Winter",2041,24223.7365591398
"Karnataka","Winter",2042,25026.0322580645
"Karnataka","Winter",2043,25828.2956989247
"Karnataka","Winter",2044,26630.5322580645
"Karnataka","Winter",2045,27432.8655913979
"Karnataka","Winter",2046,28235.1720430108
"Karnataka","Winter",2047,29037.4677419355
"Karnataka","Winter",2048,29839.7258064516
"Karnataka","Winter",2049,30642.0268817204
"Karnataka","Winter",2050,31444.2741935484
"Kerala","Winter",2017,3940.85
"Kerala","Winter",2018,4140.3
"Kerala","Winter",2019,4346.075
"Kerala","Winter",2020,4557.55
"Kerala","Winter",2021,4777.725
"Kerala","Winter",2022,4026.775
"Kerala","Winter",2023,4215.7
"Kerala","Winter",2024,4417.575
"Kerala","Winter",2025,4639.025
"Kerala","Winter",2026,4870.35
"Kerala","Winter",2027,5112.35
"Kerala","Winter",2028,5364.75
"Kerala","Winter",2029,5630.85
"Kerala","Winter",2030,5940.55
"Kerala","Winter",2031,6201.2
"Kerala","Winter",2032,6447.675
"Kerala","Winter",2033,6735.2
"Kerala","Winter",2034,7022.625
"Kerala","Winter",2035,7310.025
"Kerala","Winter",2036,7597.5
"Kerala","Winter",2037,7885.05
"Kerala","Winter",2038,8185.425
"Kerala","Winter",2039,8485.825
"Kerala","Winter",2040,8786.125
"Kerala","Winter",2041,9086.525
"Kerala","Winter",2042,9386.925
"Kerala","Winter",2043,9687.225
"Kerala","Winter",2044,9987.65
"Kerala","Winter",2045,10288
"Kerala","Winter",2046,10588.4
"Kerala","Winter",2047,10888.9
"Kerala","Winter",2048,11189.175
"Kerala","Winter",2049,11489.5
"Kerala","Winter",2050,11789.95
"Madhya_Pradesh","Winter",2017,10951.6
"Madhya_Pradesh","Winter",2018,11901.425
"Madhya_Pradesh","Winter",2019,12817.25
"Madhya_Pradesh","Winter",2020,13731.65
"Madhya_Pradesh","Winter",2021,14542.675
"Madhya_Pradesh","Winter",2022,13418.675
"Madhya_Pradesh","Winter",2023,14913.85
"Madhya_Pradesh","Winter",2024,15736.925
"Madhya_Pradesh","Winter",2025,16719.825
"Madhya_Pradesh","Winter",2026,17772.75
"Madhya_Pradesh","Winter",2027,19236.875
"Madhya_Pradesh","Winter",2028,20418.55
"Madhya_Pradesh","Winter",2029,21636.95
"Madhya_Pradesh","Winter",2030,23080.5
"Madhya_Pradesh","Winter",2031,24023
"Madhya_Pradesh","Winter",2032,24894.125
"Madhya_Pradesh","Winter",2033,26214.4
"Madhya_Pradesh","Winter",2034,27534.725
"Madhya_Pradesh","Winter",2035,28854.975
"Madhya_Pradesh","Winter",2036,30175.4
"Madhya_Pradesh","Winter",2037,31495.7
"Madhya_Pradesh","Winter",2038,33007.45
"Madhya_Pradesh","Winter",2039,34519.225
"Madhya_Pradesh","Winter",2040,36031.05
"Madhya_Pradesh","Winter",2041,37542.9
"Madhya_Pradesh","Winter",2042,39054.55
"Madhya_Pradesh","Winter",2043,40566.35
"Madhya_Pradesh","Winter",2044,42078.225
"Madhya_Pradesh","Winter",2045,43590.025
"Madhya_Pradesh","Winter",2046,45101.775
"Madhya_Pradesh","Winter",2047,46613.575
"Madhya_Pradesh","Winter",2048,48125.375
"Madhya_Pradesh","Winter",2049,49637.15
"Madhya_Pradesh","Winter",2050,51148.95
"Maharashtra","Winter",2017,19243.325
"Maharashtra","Winter",2018,20302.15
"Maharashtra","Winter",2019,21458.95
"Maharashtra","Winter",2020,22563.85
"Maharashtra","Winter",2021,23744.2
"Maharashtra","Winter",2022,21921.0741935484
"Maharashtra","Winter",2023,23397.1193548387
"Maharashtra","Winter",2024,24386.0258064516
"Maharashtra","Winter",2025,25502.9032258065
"Maharashtra","Winter",2026,26714.5483870968
"Maharashtra","Winter",2027,28041.0516129032
"Maharashtra","Winter",2028,29304.6580645161
"Maharashtra","Winter",2029,30600.6774193548
"Maharashtra","Winter",2030,32205.5161290323
"Maharashtra","Winter",2031,33138.3
"Maharashtra","Winter",2032,33991.4903225806
"Maharashtra","Winter",2033,35341.5580645161
"Maharashtra","Winter",2034,36691.6903225806
"Maharashtra","Winter",2035,38041.8032258064
"Maharashtra","Winter",2036,39391.9032258065
"Maharashtra","Winter",2037,40742.0225806452
"Maharashtra","Winter",2038,42257.0967741935
"Maharashtra","Winter",2039,43772.1548387097
"Maharashtra","Winter",2040,45287.2258064516
"Maharashtra","Winter",2041,46802.3225806452
"Maharashtra","Winter",2042,48317.3483870968
"Maharashtra","Winter",2043,49832.4709677419
"Maharashtra","Winter",2044,51347.5129032258
"Maharashtra","Winter",2045,52862.6129032258
"Maharashtra","Winter",2046,54377.6419354839
"Maharashtra","Winter",2047,55892.7709677419
"Maharashtra","Winter",2048,57407.8225806452
"Maharashtra","Winter",2049,58922.8903225806
"Maharashtra","Winter",2050,60437.964516129
"Manipur","Winter",2017,262
"Manipur","Winter",2018,294.75
"Manipur","Winter",2019,328.35
"Manipur","Winter",2020,358.475
"Manipur","Winter",2021,393
"Manipur","Winter",2022,214.275
"Manipur","Winter",2023,226.8
"Manipur","Winter",2024,239.75
"Manipur","Winter",2025,253.8
"Manipur","Winter",2026,268
"Manipur","Winter",2027,283.45
"Manipur","Winter",2028,299.575
"Manipur","Winter",2029,316.15
"Manipur","Winter",2030,333.95
"Manipur","Winter",2031,352.725
"Manipur","Winter",2032,371.55
"Manipur","Winter",2033,393
"Manipur","Winter",2034,414.4
"Manipur","Winter",2035,435.9
"Manipur","Winter",2036,457.75
"Manipur","Winter",2037,479.1
"Manipur","Winter",2038,504.825
"Manipur","Winter",2039,531
"Manipur","Winter",2040,556.75
"Manipur","Winter",2041,582.675
"Manipur","Winter",2042,608.525
"Manipur","Winter",2043,634.625
"Manipur","Winter",2044,660.325
"Manipur","Winter",2045,686.5
"Manipur","Winter",2046,712.2
"Manipur","Winter",2047,738.3
"Manipur","Winter",2048,764.35
"Manipur","Winter",2049,790
"Manipur","Winter",2050,816.125
"Meghalaya","Winter",2017,406.825
"Meghalaya","Winter",2018,420.55
"Meghalaya","Winter",2019,446.225
"Meghalaya","Winter",2020,463.25
"Meghalaya","Winter",2021,481.025
"Meghalaya","Winter",2022,415.975
"Meghalaya","Winter",2023,432.075
"Meghalaya","Winter",2024,448.4
"Meghalaya","Winter",2025,464.975
"Meghalaya","Winter",2026,482.025
"Meghalaya","Winter",2027,499.425
"Meghalaya","Winter",2028,517.2
"Meghalaya","Winter",2029,534.525
"Meghalaya","Winter",2030,552.525
"Meghalaya","Winter",2031,566.7
"Meghalaya","Winter",2032,579.7
"Meghalaya","Winter",2033,597.95
"Meghalaya","Winter",2034,616.175
"Meghalaya","Winter",2035,634.3
"Meghalaya","Winter",2036,652.525
"Meghalaya","Winter",2037,670.875
"Meghalaya","Winter",2038,691.575
"Meghalaya","Winter",2039,712.075
"Meghalaya","Winter",2040,733
"Meghalaya","Winter",2041,753.5
"Meghalaya","Winter",2042,774.25
"Meghalaya","Winter",2043,794.575
"Meghalaya","Winter",2044,815.4
"Meghalaya","Winter",2045,836.075
"Meghalaya","Winter",2046,856.675
"Meghalaya","Winter",2047,877.475
"Meghalaya","Winter",2048,898.05
"Meghalaya","Winter",2049,918.8
"Meghalaya","Winter",2050,939.4
"Mizoram","Winter",2017,120.725
"Mizoram","Winter",2018,130.475
"Mizoram","Winter",2019,141.225
"Mizoram","Winter",2020,152.575
"Mizoram","Winter",2021,164.65
"Mizoram","Winter",2022,154.625
"Mizoram","Winter",2023,167.9
"Mizoram","Winter",2024,182.775
"Mizoram","Winter",2025,198.05
"Mizoram","Winter",2026,214.975
"Mizoram","Winter",2027,231.975
"Mizoram","Winter",2028,251.1
"Mizoram","Winter",2029,270.725
"Mizoram","Winter",2030,291.775
"Mizoram","Winter",2031,312.3
"Mizoram","Winter",2032,335.375
"Mizoram","Winter",2033,362.7
"Mizoram","Winter",2034,390.375
"Mizoram","Winter",2035,417.75
"Mizoram","Winter",2036,445.075
"Mizoram","Winter",2037,472.7
"Mizoram","Winter",2038,508.4
"Mizoram","Winter",2039,544
"Mizoram","Winter",2040,579.675
"Mizoram","Winter",2041,615.45
"Mizoram","Winter",2042,650.975
"Mizoram","Winter",2043,686.6
"Mizoram","Winter",2044,722.075
"Mizoram","Winter",2045,758.125
"Mizoram","Winter",2046,793.875
"Mizoram","Winter",2047,829.4
"Mizoram","Winter",2048,865.175
"Mizoram","Winter",2049,900.85
"Mizoram","Winter",2050,936.45
"Nagaland","Winter",2017,150.45
"Nagaland","Winter",2018,161.975
"Nagaland","Winter",2019,172.85
"Nagaland","Winter",2020,185.175
"Nagaland","Winter",2021,197.25
"Nagaland","Winter",2022,142.9
"Nagaland","Winter",2023,149.925
"Nagaland","Winter",2024,157.45
"Nagaland","Winter",2025,164.6
"Nagaland","Winter",2026,171.825
"Nagaland","Winter",2027,179.375
"Nagaland","Winter",2028,187.25
"Nagaland","Winter",2029,195.25
"Nagaland","Winter",2030,203.25
"Nagaland","Winter",2031,210.325
"Nagaland","Winter",2032,215.25
"Nagaland","Winter",2033,223.45
"Nagaland","Winter",2034,231.675
"Nagaland","Winter",2035,239.9
"Nagaland","Winter",2036,248.325
"Nagaland","Winter",2037,256.6
"Nagaland","Winter",2038,266.3
"Nagaland","Winter",2039,275.95
"Nagaland","Winter",2040,285.5
"Nagaland","Winter",2041,295.35
"Nagaland","Winter",2042,304.375
"Nagaland","Winter",2043,314.375
"Nagaland","Winter",2044,323.95
"Nagaland","Winter",2045,333.575
"Nagaland","Winter",2046,343.15
"Nagaland","Winter",2047,352.7
"Nagaland","Winter",2048,362.425
"Nagaland","Winter",2049,372.075
"Nagaland","Winter",2050,381.575
"Odisha","Winter",2017,3889.2
"Odisha","Winter",2018,4107.425
"Odisha","Winter",2019,4275.25
"Odisha","Winter",2020,4413.275
"Odisha","Winter",2021,4552.375
"Odisha","Winter",2022,4882.4
"Odisha","Winter",2023,5596.625
"Odisha","Winter",2024,5714.575
"Odisha","Winter",2025,5951.05
"Odisha","Winter",2026,6230.8
"Odisha","Winter",2027,6547.525
"Odisha","Winter",2028,6902.225
"Odisha","Winter",2029,7288.725
"Odisha","Winter",2030,7787.175
"Odisha","Winter",2031,8076.275
"Odisha","Winter",2032,8345
"Odisha","Winter",2033,8769
"Odisha","Winter",2034,9192.85
"Odisha","Winter",2035,9616.8
"Odisha","Winter",2036,10040.725
"Odisha","Winter",2037,10464.7
"Odisha","Winter",2038,10957.375
"Odisha","Winter",2039,11449.95
"Odisha","Winter",2040,11942.55
"Odisha","Winter",2041,12435.275
"Odisha","Winter",2042,12927.875
"Odisha","Winter",2043,13420.425
"Odisha","Winter",2044,13913
"Odisha","Winter",2045,14405.775
"Odisha","Winter",2046,14898.35
"Odisha","Winter",2047,15391.075
"Odisha","Winter",2048,15883.625
"Odisha","Winter",2049,16376.3
"Odisha","Winter",2050,16868.95
"Puducherry","Winter",2017,394.2
"Puducherry","Winter",2018,410.925
"Puducherry","Winter",2019,427.675
"Puducherry","Winter",2020,444.825
"Puducherry","Winter",2021,462.625
"Puducherry","Winter",2022,370.45
"Puducherry","Winter",2023,390.325
"Puducherry","Winter",2024,401.775
"Puducherry","Winter",2025,414.225
"Puducherry","Winter",2026,426.8
"Puducherry","Winter",2027,440.3
"Puducherry","Winter",2028,453.525
"Puducherry","Winter",2029,467.5
"Puducherry","Winter",2030,484.275
"Puducherry","Winter",2031,496.15
"Puducherry","Winter",2032,506.05
"Puducherry","Winter",2033,520.475
"Puducherry","Winter",2034,535.15
"Puducherry","Winter",2035,549.45
"Puducherry","Winter",2036,563.925
"Puducherry","Winter",2037,578.4
"Puducherry","Winter",2038,594.35
"Puducherry","Winter",2039,609.9
"Puducherry","Winter",2040,625.65
"Puducherry","Winter",2041,641.525
"Puducherry","Winter",2042,657.325
"Puducherry","Winter",2043,673.125
"Puducherry","Winter",2044,688.825
"Puducherry","Winter",2045,704.7
"Puducherry","Winter",2046,720.5
"Puducherry","Winter",2047,736.2
"Puducherry","Winter",2048,751.975
"Puducherry","Winter",2049,767.85
"Puducherry","Winter",2050,783.7
"Punjab","Winter",2017,6172.675
"Punjab","Winter",2018,6524.825
"Punjab","Winter",2019,6887.5
"Punjab","Winter",2020,7260.075
"Punjab","Winter",2021,7642.65
"Punjab","Winter",2022,6772.675
"Punjab","Winter",2023,7159.675
"Punjab","Winter",2024,7471.575
"Punjab","Winter",2025,7843.2
"Punjab","Winter",2026,8240.975
"Punjab","Winter",2027,8668.225
"Punjab","Winter",2028,9112
"Punjab","Winter",2029,9578.25
"Punjab","Winter",2030,10151
"Punjab","Winter",2031,10506.225
"Punjab","Winter",2032,10863.3
"Punjab","Winter",2033,11297.5
"Punjab","Winter",2034,11731.85
"Punjab","Winter",2035,12166.1
"Punjab","Winter",2036,12600.35
"Punjab","Winter",2037,13034.6
"Punjab","Winter",2038,13529.825
"Punjab","Winter",2039,14025.125
"Punjab","Winter",2040,14520.3
"Punjab","Winter",2041,15015.6
"Punjab","Winter",2042,15510.8
"Punjab","Winter",2043,16006.1
"Punjab","Winter",2044,16501.275
"Punjab","Winter",2045,16996.5
"Punjab","Winter",2046,17491.8
"Punjab","Winter",2047,17986.925
"Punjab","Winter",2048,18482.2
"Punjab","Winter",2049,18977.45
"Punjab","Winter",2050,19472.75
"Rajasthan","Winter",2017,10302.95
"Rajasthan","Winter",2018,10699.125
"Rajasthan","Winter",2019,11199.1
"Rajasthan","Winter",2020,11727.375
"Rajasthan","Winter",2021,12293.925
"Rajasthan","Winter",2022,12681.5
"Rajasthan","Winter",2023,13781.9
"Rajasthan","Winter",2024,15188.975
"Rajasthan","Winter",2025,16097.25
"Rajasthan","Winter",2026,17023.625
"Rajasthan","Winter",2027,18014.3
"Rajasthan","Winter",2028,19040.075
"Rajasthan","Winter",2029,20109.575
"Rajasthan","Winter",2030,21376.3
"Rajasthan","Winter",2031,22247.05
"Rajasthan","Winter",2032,23105.9
"Rajasthan","Winter",2033,24257.75
"Rajasthan","Winter",2034,25409.525
"Rajasthan","Winter",2035,26561.325
"Rajasthan","Winter",2036,27713.1
"Rajasthan","Winter",2037,28864.925
"Rajasthan","Winter",2038,30136.325
"Rajasthan","Winter",2039,31407.675
"Rajasthan","Winter",2040,32679.075
"Rajasthan","Winter",2041,33950.5
"Rajasthan","Winter",2042,35221.825
"Rajasthan","Winter",2043,36493.175
"Rajasthan","Winter",2044,37764.5
"Rajasthan","Winter",2045,39036.025
"Rajasthan","Winter",2046,40307.325
"Rajasthan","Winter",2047,41578.65
"Rajasthan","Winter",2048,42849.95
"Rajasthan","Winter",2049,44121.4
"Rajasthan","Winter",2050,45392.7
"Sikkim","Winter",2017,104.225
"Sikkim","Winter",2018,109.75
"Sikkim","Winter",2019,115.575
"Sikkim","Winter",2020,121.7
"Sikkim","Winter",2021,127.725
"Sikkim","Winter",2022,115.175
"Sikkim","Winter",2023,121.65
"Sikkim","Winter",2024,128.825
"Sikkim","Winter",2025,136.35
"Sikkim","Winter",2026,144.775
"Sikkim","Winter",2027,153.325
"Sikkim","Winter",2028,162.5
"Sikkim","Winter",2029,172.175
"Sikkim","Winter",2030,182.55
"Sikkim","Winter",2031,193.625
"Sikkim","Winter",2032,205.225
"Sikkim","Winter",2033,218.975
"Sikkim","Winter",2034,232.75
"Sikkim","Winter",2035,246.45
"Sikkim","Winter",2036,260.15
"Sikkim","Winter",2037,274.325
"Sikkim","Winter",2038,292.175
"Sikkim","Winter",2039,310.375
"Sikkim","Winter",2040,328.625
"Sikkim","Winter",2041,346.85
"Sikkim","Winter",2042,365.1
"Sikkim","Winter",2043,383.375
"Sikkim","Winter",2044,401.525
"Sikkim","Winter",2045,419.85
"Sikkim","Winter",2046,438.075
"Sikkim","Winter",2047,455.9
"Sikkim","Winter",2048,474.375
"Sikkim","Winter",2049,492.775
"Sikkim","Winter",2050,511.075
"Tamil_Nadu","Winter",2017,13509.675
"Tamil_Nadu","Winter",2018,14236.15
"Tamil_Nadu","Winter",2019,14999.775
"Tamil_Nadu","Winter",2020,15794.425
"Tamil_Nadu","Winter",2021,16588.8
"Tamil_Nadu","Winter",2022,13428.575
"Tamil_Nadu","Winter",2023,14083.125
"Tamil_Nadu","Winter",2024,14855.075
"Tamil_Nadu","Winter",2025,15708.125
"Tamil_Nadu","Winter",2026,16603.3
"Tamil_Nadu","Winter",2027,17543.9
"Tamil_Nadu","Winter",2028,18521.45
"Tamil_Nadu","Winter",2029,19544.575
"Tamil_Nadu","Winter",2030,20716.8
"Tamil_Nadu","Winter",2031,21709.5
"Tamil_Nadu","Winter",2032,22691.2
"Tamil_Nadu","Winter",2033,23731.9
"Tamil_Nadu","Winter",2034,24772.525
"Tamil_Nadu","Winter",2035,25813.225
"Tamil_Nadu","Winter",2036,26853.8
"Tamil_Nadu","Winter",2037,27894.55
"Tamil_Nadu","Winter",2038,28898.575
"Tamil_Nadu","Winter",2039,29902.8
"Tamil_Nadu","Winter",2040,30906.975
"Tamil_Nadu","Winter",2041,31911.175
"Tamil_Nadu","Winter",2042,32915.275
"Tamil_Nadu","Winter",2043,33919.575
"Tamil_Nadu","Winter",2044,34923.525
"Tamil_Nadu","Winter",2045,35927.825
"Tamil_Nadu","Winter",2046,36931.925
"Tamil_Nadu","Winter",2047,37936.075
"Tamil_Nadu","Winter",2048,38940.225
"Tamil_Nadu","Winter",2049,39944.35
"Tamil_Nadu","Winter",2050,40948.6
"Telangana","Winter",2017,7536.99462365591
"Telangana","Winter",2018,8407.97849462366
"Telangana","Winter",2019,9408.09677419355
"Telangana","Winter",2020,10138.4301075269
"Telangana","Winter",2021,10655.1021505376
"Telangana","Winter",2022,9623.98387096774
"Telangana","Winter",2023,9949.45161290323
"Telangana","Winter",2024,10593.8548387097
"Telangana","Winter",2025,11319.7419354839
"Telangana","Winter",2026,12095.0053763441
"Telangana","Winter",2027,12945.4569892473
"Telangana","Winter",2028,13816.3172043011
"Telangana","Winter",2029,14728.0107526882
"Telangana","Winter",2030,15763.4462365591
"Telangana","Winter",2031,16580.876344086
"Telangana","Winter",2032,17383.2956989247
"Telangana","Winter",2033,18476.7849462366
"Telangana","Winter",2034,19570.3172043011
"Telangana","Winter",2035,20663.8387096774
"Telangana","Winter",2036,21757.3709677419
"Telangana","Winter",2037,22850.8602150538
"Telangana","Winter",2038,24168.5967741935
"Telangana","Winter",2039,25486.311827957
"Telangana","Winter",2040,26804.0107526882
"Telangana","Winter",2041,28121.7849462366
"Telangana","Winter",2042,29439.5268817204
"Telangana","Winter",2043,30757.1935483871
"Telangana","Winter",2044,32074.9569892473
"Telangana","Winter",2045,33392.6935483871
"Telangana","Winter",2046,34710.4139784946
"Telangana","Winter",2047,36028.1451612903
"Telangana","Winter",2048,37345.8817204301
"Telangana","Winter",2049,38663.6559139785
"Telangana","Winter",2050,39981.3279569892
"Tripura","Winter",2017,247.95
"Tripura","Winter",2018,262.075
"Tripura","Winter",2019,276.175
"Tripura","Winter",2020,291.875
"Tripura","Winter",2021,307.575
"Tripura","Winter",2022,259.6
"Tripura","Winter",2023,280.8
"Tripura","Winter",2024,331.9
"Tripura","Winter",2025,356.1
"Tripura","Winter",2026,381.05
"Tripura","Winter",2027,418
"Tripura","Winter",2028,446.05
"Tripura","Winter",2029,475.7
"Tripura","Winter",2030,506.9
"Tripura","Winter",2031,539.8
"Tripura","Winter",2032,574.025
"Tripura","Winter",2033,608.65
"Tripura","Winter",2034,643.15
"Tripura","Winter",2035,677.6
"Tripura","Winter",2036,712.15
"Tripura","Winter",2037,746.675
"Tripura","Winter",2038,782.575
"Tripura","Winter",2039,818.45
"Tripura","Winter",2040,854.6
"Tripura","Winter",2041,890.45
"Tripura","Winter",2042,926.55
"Tripura","Winter",2043,962.45
"Tripura","Winter",2044,998.2
"Tripura","Winter",2045,1034.375
"Tripura","Winter",2046,1070.35
"Tripura","Winter",2047,1106.4
"Tripura","Winter",2048,1142.225
"Tripura","Winter",2049,1178.15
"Tripura","Winter",2050,1214.25
"UP_Agra","Winter",2017,3377.725
"UP_Agra","Winter",2018,3652.7
"UP_Agra","Winter",2019,3940.75
"UP_Agra","Winter",2020,4247.4
"UP_Agra","Winter",2021,4572.85
"UP_Agra","Winter",2022,5587.625
"UP_Agra","Winter",2023,5753.05
"UP_Agra","Winter",2024,6059.7
"UP_Agra","Winter",2025,6415.2
"UP_Agra","Winter",2026,6795.05
"UP_Agra","Winter",2027,7203.425
"UP_Agra","Winter",2028,7632.075
"UP_Agra","Winter",2029,8083.65
"UP_Agra","Winter",2030,8605.675
"UP_Agra","Winter",2031,9044.75
"UP_Agra","Winter",2032,9489.175
"UP_Agra","Winter",2033,9599.325
"UP_Agra","Winter",2034,9709.425
"UP_Agra","Winter",2035,9819.525
"UP_Agra","Winter",2036,9929.7
"UP_Agra","Winter",2037,10039.825
"UP_Agra","Winter",2038,10423.575
"UP_Agra","Winter",2039,10807.4
"UP_Agra","Winter",2040,11191.1
"UP_Agra","Winter",2041,11574.825
"UP_Agra","Winter",2042,11958.575
"UP_Agra","Winter",2043,12342.275
"UP_Agra","Winter",2044,12726.025
"UP_Agra","Winter",2045,13109.725
"UP_Agra","Winter",2046,13493.55
"UP_Agra","Winter",2047,13877.25
"UP_Agra","Winter",2048,14260.95
"UP_Agra","Winter",2049,14644.6
"UP_Agra","Winter",2050,15028.375
"UP_Kanpur","Winter",2017,408.125
"UP_Kanpur","Winter",2018,437.125
"UP_Kanpur","Winter",2019,466.975
"UP_Kanpur","Winter",2020,498.35
"UP_Kanpur","Winter",2021,531.175
"UP_Kanpur","Winter",2022,454.91875
"UP_Kanpur","Winter",2023,516.9375
"UP_Kanpur","Winter",2024,534.35
"UP_Kanpur","Winter",2025,552.24375
"UP_Kanpur","Winter",2026,570.6125
"UP_Kanpur","Winter",2027,589.49375
"UP_Kanpur","Winter",2028,609.00625
"UP_Kanpur","Winter",2029,628.9625
"UP_Kanpur","Winter",2030,649.50625
"UP_Kanpur","Winter",2031,669.95625
"UP_Kanpur","Winter",2032,690.84375
"UP_Kanpur","Winter",2033,701.00625
"UP_Kanpur","Winter",2034,720.025
"UP_Kanpur","Winter",2035,742.2
"UP_Kanpur","Winter",2036,764.425
"UP_Kanpur","Winter",2037,786.575
"UP_Kanpur","Winter",2038,790.25
"UP_Kanpur","Winter",2039,794.125
"UP_Kanpur","Winter",2040,797.95
"UP_Kanpur","Winter",2041,801.625
"UP_Kanpur","Winter",2042,805.375
"UP_Kanpur","Winter",2043,809.125
"UP_Kanpur","Winter",2044,812.95
"UP_Kanpur","Winter",2045,816.675
"UP_Kanpur","Winter",2046,820.45
"UP_Kanpur","Winter",2047,824.15
"UP_Kanpur","Winter",2048,827.875
"UP_Kanpur","Winter",2049,831.675
"UP_Kanpur","Winter",2050,835.375
"UP_Lucknow","Winter",2017,3130.85
"UP_Lucknow","Winter",2018,3386.125
"UP_Lucknow","Winter",2019,3653.55
"UP_Lucknow","Winter",2020,3938.125
"UP_Lucknow","Winter",2021,4240.4
"UP_Lucknow","Winter",2022,5200.1
"UP_Lucknow","Winter",2023,5514.7
"UP_Lucknow","Winter",2024,5880.425
"UP_Lucknow","Winter",2025,6281.975
"UP_Lucknow","Winter",2026,6710.7
"UP_Lucknow","Winter",2027,7170.25
"UP_Lucknow","Winter",2028,7656.025
"UP_Lucknow","Winter",2029,8173.45
"UP_Lucknow","Winter",2030,8750.6
"UP_Lucknow","Winter",2031,9309.075
"UP_Lucknow","Winter",2032,9879.325
"UP_Lucknow","Winter",2033,10106
"UP_Lucknow","Winter",2034,10332.775
"UP_Lucknow","Winter",2035,10559.425
"UP_Lucknow","Winter",2036,10786.175
"UP_Lucknow","Winter",2037,11012.9
"UP_Lucknow","Winter",2038,11563.925
"UP_Lucknow","Winter",2039,12115.075
"UP_Lucknow","Winter",2040,12666.125
"UP_Lucknow","Winter",2041,13217.2
"UP_Lucknow","Winter",2042,13768.175
"UP_Lucknow","Winter",2043,14319.25
"UP_Lucknow","Winter",2044,14870.2
"UP_Lucknow","Winter",2045,15421.375
"UP_Lucknow","Winter",2046,15972.425
"UP_Lucknow","Winter",2047,16523.525
"UP_Lucknow","Winter",2048,17074.45
"UP_Lucknow","Winter",2049,17625.575
"UP_Lucknow","Winter",2050,18176.525
"UP_Meerut","Winter",2017,4460.6
"UP_Meerut","Winter",2018,4825.875
"UP_Meerut","Winter",2019,5208.45
"UP_Meerut","Winter",2020,5616.075
"UP_Meerut","Winter",2021,6048.95
"UP_Meerut","Winter",2022,7491.55
"UP_Meerut","Winter",2023,7868.725
"UP_Meerut","Winter",2024,8300.7
"UP_Meerut","Winter",2025,8805.6
"UP_Meerut","Winter",2026,9348.2
"UP_Meerut","Winter",2027,9928.95
"UP_Meerut","Winter",2028,10539.05
"UP_Meerut","Winter",2029,11182.625
"UP_Meerut","Winter",2030,11939.075
"UP_Meerut","Winter",2031,12497.25
"UP_Meerut","Winter",2032,13061.45
"UP_Meerut","Winter",2033,13272.425
"UP_Meerut","Winter",2034,13483.7
"UP_Meerut","Winter",2035,13694.65
"UP_Meerut","Winter",2036,13905.7
"UP_Meerut","Winter",2037,14116.9
"UP_Meerut","Winter",2038,14705.825
"UP_Meerut","Winter",2039,15294.95
"UP_Meerut","Winter",2040,15883.875
"UP_Meerut","Winter",2041,16472.875
"UP_Meerut","Winter",2042,17061.875
"UP_Meerut","Winter",2043,17650.975
"UP_Meerut","Winter",2044,18239.975
"UP_Meerut","Winter",2045,18829.025
"UP_Meerut","Winter",2046,19417.925
"UP_Meerut","Winter",2047,20007
"UP_Meerut","Winter",2048,20595.975
"UP_Meerut","Winter",2049,21184.975
"UP_Meerut","Winter",2050,21774.075
"UP_Varanasi","Winter",2017,3312.625
"UP_Varanasi","Winter",2018,3559.4
"UP_Varanasi","Winter",2019,3815.3
"UP_Varanasi","Winter",2020,4085.2
"UP_Varanasi","Winter",2021,4369.1
"UP_Varanasi","Winter",2022,4154.75
"UP_Varanasi","Winter",2023,4690.45
"UP_Varanasi","Winter",2024,4945.75
"UP_Varanasi","Winter",2025,5222.525
"UP_Varanasi","Winter",2026,5514.275
"UP_Varanasi","Winter",2027,5823.425
"UP_Varanasi","Winter",2028,6147
"UP_Varanasi","Winter",2029,6488.75
"UP_Varanasi","Winter",2030,6869.6
"UP_Varanasi","Winter",2031,7222.175
"UP_Varanasi","Winter",2032,7571.75
"UP_Varanasi","Winter",2033,7905.1
"UP_Varanasi","Winter",2034,8238.45
"UP_Varanasi","Winter",2035,8571.825
"UP_Varanasi","Winter",2036,8905.175
"UP_Varanasi","Winter",2037,9238.5
"UP_Varanasi","Winter",2038,9591.825
"UP_Varanasi","Winter",2039,9945.175
"UP_Varanasi","Winter",2040,10298.6
"UP_Varanasi","Winter",2041,10651.85
"UP_Varanasi","Winter",2042,11005.2
"UP_Varanasi","Winter",2043,11358.6
"UP_Varanasi","Winter",2044,11711.875
"UP_Varanasi","Winter",2045,12065.275
"UP_Varanasi","Winter",2046,12418.675
"UP_Varanasi","Winter",2047,12771.9
"UP_Varanasi","Winter",2048,13125.4
"UP_Varanasi","Winter",2049,13478.725
"UP_Varanasi","Winter",2050,13831.975
"Uttarakhand","Winter",2017,2299.4
"Uttarakhand","Winter",2018,2481.375
"Uttarakhand","Winter",2019,2666.475
"Uttarakhand","Winter",2020,2860.3
"Uttarakhand","Winter",2021,3063.975
"Uttarakhand","Winter",2022,2425.35
"Uttarakhand","Winter",2023,2547.05
"Uttarakhand","Winter",2024,2679.875
"Uttarakhand","Winter",2025,2832.7
"Uttarakhand","Winter",2026,2992.35
"Uttarakhand","Winter",2027,3160.05
"Uttarakhand","Winter",2028,3334.825
"Uttarakhand","Winter",2029,3515.65
"Uttarakhand","Winter",2030,3727.825
"Uttarakhand","Winter",2031,3875.4
"Uttarakhand","Winter",2032,4020.8
"Uttarakhand","Winter",2033,4211.15
"Uttarakhand","Winter",2034,4401.45
"Uttarakhand","Winter",2035,4591.75
"Uttarakhand","Winter",2036,4782.075
"Uttarakhand","Winter",2037,4972.5
"Uttarakhand","Winter",2038,5177.025
"Uttarakhand","Winter",2039,5381.575
"Uttarakhand","Winter",2040,5586.05
"Uttarakhand","Winter",2041,5790.55
"Uttarakhand","Winter",2042,5995.175
"Uttarakhand","Winter",2043,6199.875
"Uttarakhand","Winter",2044,6404.4
"Uttarakhand","Winter",2045,6608.875
"Uttarakhand","Winter",2046,6813.5
"Uttarakhand","Winter",2047,7018
"Uttarakhand","Winter",2048,7222.525
"Uttarakhand","Winter",2049,7427.125
"Uttarakhand","Winter",2050,7631.7
"West_Bengal","Winter",2017,8951.375
"West_Bengal","Winter",2018,9323.3
"West_Bengal","Winter",2019,9701.5
"West_Bengal","Winter",2020,10088.275
"West_Bengal","Winter",2021,10499.625
"West_Bengal","Winter",2022,7534.675
"West_Bengal","Winter",2023,8412.9
"West_Bengal","Winter",2024,8890.2
"West_Bengal","Winter",2025,9444.725
"West_Bengal","Winter",2026,10048.075
"West_Bengal","Winter",2027,10684.575
"West_Bengal","Winter",2028,11361.725
"West_Bengal","Winter",2029,12042.975
"West_Bengal","Winter",2030,12852.65
"West_Bengal","Winter",2031,13397.125
"West_Bengal","Winter",2032,13943.825
"West_Bengal","Winter",2033,14700.7
"West_Bengal","Winter",2034,15457.575
"West_Bengal","Winter",2035,16214.35
"West_Bengal","Winter",2036,16971.275
"West_Bengal","Winter",2037,17728.1
"West_Bengal","Winter",2038,18584.9
"West_Bengal","Winter",2039,19441.825
"West_Bengal","Winter",2040,20298.6
"West_Bengal","Winter",2041,21155.4
"West_Bengal","Winter",2042,22012.275
"West_Bengal","Winter",2043,22869.125
"West_Bengal","Winter",2044,23725.975
"West_Bengal","Winter",2045,24582.8
"West_Bengal","Winter",2046,25439.65
"West_Bengal","Winter",2047,26296.5
"West_Bengal","Winter",2048,27153.4
"West_Bengal","Winter",2049,28010.225
"West_Bengal","Winter",2050,28867.1
"Andhra_Pradesh","Spring",2017,7384.925
"Andhra_Pradesh","Spring",2018,7942.575
"Andhra_Pradesh","Spring",2019,8537.9
"Andhra_Pradesh","Spring",2020,9172.4
"Andhra_Pradesh","Spring",2021,9856.35
"Andhra_Pradesh","Spring",2022,9053.49152542373
"Andhra_Pradesh","Spring",2023,9643.802259887
"Andhra_Pradesh","Spring",2024,10316.5367231638
"Andhra_Pradesh","Spring",2025,11110.6723163842
"Andhra_Pradesh","Spring",2026,11973.186440678
"Andhra_Pradesh","Spring",2027,12916.1920903955
"Andhra_Pradesh","Spring",2028,13903.5762711864
"Andhra_Pradesh","Spring",2029,14945.2937853107
"Andhra_Pradesh","Spring",2030,16172.011299435
"Andhra_Pradesh","Spring",2031,17048.8644067797
"Andhra_Pradesh","Spring",2032,17922.9209039548
"Andhra_Pradesh","Spring",2033,18920.5028248588
"Andhra_Pradesh","Spring",2034,19918.1186440678
"Andhra_Pradesh","Spring",2035,20915.7005649718
"Andhra_Pradesh","Spring",2036,21913.3050847458
"Andhra_Pradesh","Spring",2037,22910.8531073446
"Andhra_Pradesh","Spring",2038,23898.0282485876
"Andhra_Pradesh","Spring",2039,24885.1525423729
"Andhra_Pradesh","Spring",2040,25872.3446327684
"Andhra_Pradesh","Spring",2041,26859.5028248588
"Andhra_Pradesh","Spring",2042,27846.6440677966
"Andhra_Pradesh","Spring",2043,28833.790960452
"Andhra_Pradesh","Spring",2044,29820.9661016949
"Andhra_Pradesh","Spring",2045,30808.1242937853
"Andhra_Pradesh","Spring",2046,31795.2655367232
"Andhra_Pradesh","Spring",2047,32782.4124293785
"Andhra_Pradesh","Spring",2048,33769.604519774
"Andhra_Pradesh","Spring",2049,34756.7740112994
"Andhra_Pradesh","Spring",2050,35743.8644067797
"Arunachal_Pradesh","Spring",2017,158.675
"Arunachal_Pradesh","Spring",2018,176.075
"Arunachal_Pradesh","Spring",2019,195.475
"Arunachal_Pradesh","Spring",2020,217.45
"Arunachal_Pradesh","Spring",2021,242.35
"Arunachal_Pradesh","Spring",2022,143.975
"Arunachal_Pradesh","Spring",2023,151.45
"Arunachal_Pradesh","Spring",2024,159.55
"Arunachal_Pradesh","Spring",2025,168.075
"Arunachal_Pradesh","Spring",2026,176.45
"Arunachal_Pradesh","Spring",2027,185.825
"Arunachal_Pradesh","Spring",2028,194.7
"Arunachal_Pradesh","Spring",2029,204.575
"Arunachal_Pradesh","Spring",2030,214.925
"Arunachal_Pradesh","Spring",2031,224.75
"Arunachal_Pradesh","Spring",2032,233.3
"Arunachal_Pradesh","Spring",2033,244.575
"Arunachal_Pradesh","Spring",2034,255.55
"Arunachal_Pradesh","Spring",2035,266.725
"Arunachal_Pradesh","Spring",2036,277.9
"Arunachal_Pradesh","Spring",2037,288.9
"Arunachal_Pradesh","Spring",2038,301.8
"Arunachal_Pradesh","Spring",2039,314.575
"Arunachal_Pradesh","Spring",2040,327.375
"Arunachal_Pradesh","Spring",2041,340.075
"Arunachal_Pradesh","Spring",2042,353.025
"Arunachal_Pradesh","Spring",2043,365.85
"Arunachal_Pradesh","Spring",2044,378.7
"Arunachal_Pradesh","Spring",2045,391.3
"Arunachal_Pradesh","Spring",2046,404.4
"Arunachal_Pradesh","Spring",2047,417.175
"Arunachal_Pradesh","Spring",2048,429.9
"Arunachal_Pradesh","Spring",2049,442.575
"Arunachal_Pradesh","Spring",2050,455.7
"Assam","Spring",2017,1585.15
"Assam","Spring",2018,1739.025
"Assam","Spring",2019,1910.25
"Assam","Spring",2020,2080.825
"Assam","Spring",2021,2256.35
"Assam","Spring",2022,1777.575
"Assam","Spring",2023,1975.025
"Assam","Spring",2024,2099.65
"Assam","Spring",2025,2235
"Assam","Spring",2026,2377.925
"Assam","Spring",2027,2530.6
"Assam","Spring",2028,2692.55
"Assam","Spring",2029,2866.125
"Assam","Spring",2030,3060.425
"Assam","Spring",2031,3244.85
"Assam","Spring",2032,3429.925
"Assam","Spring",2033,3648.625
"Assam","Spring",2034,3867.325
"Assam","Spring",2035,4085.925
"Assam","Spring",2036,4304.625
"Assam","Spring",2037,4523.2
"Assam","Spring",2038,4782.3
"Assam","Spring",2039,5041.35
"Assam","Spring",2040,5300.45
"Assam","Spring",2041,5559.35
"Assam","Spring",2042,5818.45
"Assam","Spring",2043,6077.45
"Assam","Spring",2044,6336.525
"Assam","Spring",2045,6595.625
"Assam","Spring",2046,6854.775
"Assam","Spring",2047,7113.75
"Assam","Spring",2048,7372.775
"Assam","Spring",2049,7631.925
"Assam","Spring",2050,7890.925
"Bihar","Spring",2017,3450.225
"Bihar","Spring",2018,3581.95
"Bihar","Spring",2019,3877.55
"Bihar","Spring",2020,4394.625
"Bihar","Spring",2021,4803.425
"Bihar","Spring",2022,4957.7
"Bihar","Spring",2023,5428.175
"Bihar","Spring",2024,5924.975
"Bihar","Spring",2025,6445.55
"Bihar","Spring",2026,7046.05
"Bihar","Spring",2027,7628.4
"Bihar","Spring",2028,8248.725
"Bihar","Spring",2029,8902.3
"Bihar","Spring",2030,9645.45
"Bihar","Spring",2031,10304.275
"Bihar","Spring",2032,10938.8
"Bihar","Spring",2033,11744.125
"Bihar","Spring",2034,12549.475
"Bihar","Spring",2035,13354.625
"Bihar","Spring",2036,14159.9
"Bihar","Spring",2037,14965.125
"Bihar","Spring",2038,15901.725
"Bihar","Spring",2039,16838.3
"Bihar","Spring",2040,17774.95
"Bihar","Spring",2041,18711.475
"Bihar","Spring",2042,19648.05
"Bihar","Spring",2043,20584.625
"Bihar","Spring",2044,21521.3
"Bihar","Spring",2045,22457.775
"Bihar","Spring",2046,23394.4
"Bihar","Spring",2047,24331.05
"Bihar","Spring",2048,25267.55
"Bihar","Spring",2049,26204.2
"Bihar","Spring",2050,27140.75
"Chandigarh","Spring",2017,237.3
"Chandigarh","Spring",2018,245.95
"Chandigarh","Spring",2019,254.975
"Chandigarh","Spring",2020,264.125
"Chandigarh","Spring",2021,273.625
"Chandigarh","Spring",2022,191.412429378531
"Chandigarh","Spring",2023,200.375
"Chandigarh","Spring",2024,205.525
"Chandigarh","Spring",2025,211.401129943503
"Chandigarh","Spring",2026,217.209039548023
"Chandigarh","Spring",2027,223.050847457627
"Chandigarh","Spring",2028,228.480225988701
"Chandigarh","Spring",2029,234.372881355932
"Chandigarh","Spring",2030,240.514124293785
"Chandigarh","Spring",2031,247.677966101695
"Chandigarh","Spring",2032,253.802259887006
"Chandigarh","Spring",2033,260.474576271186
"Chandigarh","Spring",2034,267.203389830508
"Chandigarh","Spring",2035,273.881355932203
"Chandigarh","Spring",2036,280.604519774011
"Chandigarh","Spring",2037,287.327683615819
"Chandigarh","Spring",2038,294.502824858757
"Chandigarh","Spring",2039,301.706214689266
"Chandigarh","Spring",2040,309.056497175141
"Chandigarh","Spring",2041,316.299435028249
"Chandigarh","Spring",2042,323.525423728814
"Chandigarh","Spring",2043,330.813559322034
"Chandigarh","Spring",2044,338.056497175141
"Chandigarh","Spring",2045,345.299435028249
"Chandigarh","Spring",2046,352.508474576271
"Chandigarh","Spring",2047,359.80790960452
"Chandigarh","Spring",2048,367.016949152542
"Chandigarh","Spring",2049,374.28813559322
"Chandigarh","Spring",2050,381.536723163842
"Chhattisgarh","Spring",2017,4344.9
"Chhattisgarh","Spring",2018,4696.75
"Chhattisgarh","Spring",2019,5029.225
"Chhattisgarh","Spring",2020,5366.15
"Chhattisgarh","Spring",2021,5732.45
"Chhattisgarh","Spring",2022,4661.975
"Chhattisgarh","Spring",2023,4998.425
"Chhattisgarh","Spring",2024,5323.5
"Chhattisgarh","Spring",2025,5716.625
"Chhattisgarh","Spring",2026,6142.8
"Chhattisgarh","Spring",2027,6595.725
"Chhattisgarh","Spring",2028,7078.1
"Chhattisgarh","Spring",2029,7587.075
"Chhattisgarh","Spring",2030,8191.5
"Chhattisgarh","Spring",2031,8600.025
"Chhattisgarh","Spring",2032,9028.8
"Chhattisgarh","Spring",2033,9587.775
"Chhattisgarh","Spring",2034,10146.7
"Chhattisgarh","Spring",2035,10705.825
"Chhattisgarh","Spring",2036,11264.825
"Chhattisgarh","Spring",2037,11823.925
"Chhattisgarh","Spring",2038,12440.475
"Chhattisgarh","Spring",2039,13057.1
"Chhattisgarh","Spring",2040,13673.775
"Chhattisgarh","Spring",2041,14290.275
"Chhattisgarh","Spring",2042,14906.925
"Chhattisgarh","Spring",2043,15523.525
"Chhattisgarh","Spring",2044,16140.175
"Chhattisgarh","Spring",2045,16756.725
"Chhattisgarh","Spring",2046,17373.25
"Chhattisgarh","Spring",2047,17989.975
"Chhattisgarh","Spring",2048,18606.525
"Chhattisgarh","Spring",2049,19223.15
"Chhattisgarh","Spring",2050,19839.825
"Dadra_Nagar_Haveli","Spring",2017,837.975
"Dadra_Nagar_Haveli","Spring",2018,907.025
"Dadra_Nagar_Haveli","Spring",2019,977.75
"Dadra_Nagar_Haveli","Spring",2020,1050.2
"Dadra_Nagar_Haveli","Spring",2021,1123.275
"Dadra_Nagar_Haveli","Spring",2022,800.925
"Dadra_Nagar_Haveli","Spring",2023,914.075
"Dadra_Nagar_Haveli","Spring",2024,959.35
"Dadra_Nagar_Haveli","Spring",2025,1013.425
"Dadra_Nagar_Haveli","Spring",2026,1070.3
"Dadra_Nagar_Haveli","Spring",2027,1129.525
"Dadra_Nagar_Haveli","Spring",2028,1191.9
"Dadra_Nagar_Haveli","Spring",2029,1255.925
"Dadra_Nagar_Haveli","Spring",2030,1333.4
"Dadra_Nagar_Haveli","Spring",2031,1377.4
"Dadra_Nagar_Haveli","Spring",2032,1420.6
"Dadra_Nagar_Haveli","Spring",2033,1490.725
"Dadra_Nagar_Haveli","Spring",2034,1560.85
"Dadra_Nagar_Haveli","Spring",2035,1631.025
"Dadra_Nagar_Haveli","Spring",2036,1701.15
"Dadra_Nagar_Haveli","Spring",2037,1771.275
"Dadra_Nagar_Haveli","Spring",2038,1855.15
"Dadra_Nagar_Haveli","Spring",2039,1939.225
"Dadra_Nagar_Haveli","Spring",2040,2022.95
"Dadra_Nagar_Haveli","Spring",2041,2106.9
"Dadra_Nagar_Haveli","Spring",2042,2190.7
"Dadra_Nagar_Haveli","Spring",2043,2274.625
"Dadra_Nagar_Haveli","Spring",2044,2358.575
"Dadra_Nagar_Haveli","Spring",2045,2442.4
"Dadra_Nagar_Haveli","Spring",2046,2526.3
"Dadra_Nagar_Haveli","Spring",2047,2610.15
"Dadra_Nagar_Haveli","Spring",2048,2694.2
"Dadra_Nagar_Haveli","Spring",2049,2778.075
"Dadra_Nagar_Haveli","Spring",2050,2861.825
"Daman_Diu","Spring",2017,282.625
"Daman_Diu","Spring",2018,301.625
"Daman_Diu","Spring",2019,317.375
"Daman_Diu","Spring",2020,333.925
"Daman_Diu","Spring",2021,351.375
"Daman_Diu","Spring",2022,324.375
"Daman_Diu","Spring",2023,352.275
"Daman_Diu","Spring",2024,368.525
"Daman_Diu","Spring",2025,387.925
"Daman_Diu","Spring",2026,407.4
"Daman_Diu","Spring",2027,427.25
"Daman_Diu","Spring",2028,450.875
"Daman_Diu","Spring",2029,475.025
"Daman_Diu","Spring",2030,503.8
"Daman_Diu","Spring",2031,524
"Daman_Diu","Spring",2032,543.95
"Daman_Diu","Spring",2033,584.875
"Daman_Diu","Spring",2034,625.825
"Daman_Diu","Spring",2035,666.85
"Daman_Diu","Spring",2036,707.7
"Daman_Diu","Spring",2037,748.575
"Daman_Diu","Spring",2038,765.475
"Daman_Diu","Spring",2039,782.35
"Daman_Diu","Spring",2040,799.45
"Daman_Diu","Spring",2041,816.2
"Daman_Diu","Spring",2042,833
"Daman_Diu","Spring",2043,849.975
"Daman_Diu","Spring",2044,866.9
"Daman_Diu","Spring",2045,883.7
"Daman_Diu","Spring",2046,900.575
"Daman_Diu","Spring",2047,917.375
"Daman_Diu","Spring",2048,934.325
"Daman_Diu","Spring",2049,951.25
"Daman_Diu","Spring",2050,968.1
"Delhi","Spring",2017,3664.125
"Delhi","Spring",2018,3789.65
"Delhi","Spring",2019,3920.225
"Delhi","Spring",2020,4052.475
"Delhi","Spring",2021,4186
"Delhi","Spring",2022,3670.30508474576
"Delhi","Spring",2023,4021.0395480226
"Delhi","Spring",2024,4214.75141242938
"Delhi","Spring",2025,4413.11299435028
"Delhi","Spring",2026,4624.46327683616
"Delhi","Spring",2027,4843.57627118644
"Delhi","Spring",2028,5075.68361581921
"Delhi","Spring",2029,5321.67231638418
"Delhi","Spring",2030,5595.5197740113
"Delhi","Spring",2031,5858.50847457627
"Delhi","Spring",2032,6132.95480225989
"Delhi","Spring",2033,6428.21468926554
"Delhi","Spring",2034,6723.49717514124
"Delhi","Spring",2035,7018.80790960452
"Delhi","Spring",2036,7314.02824858757
"Delhi","Spring",2037,7609.31073446328
"Delhi","Spring",2038,7972.97740112994
"Delhi","Spring",2039,8336.71186440678
"Delhi","Spring",2040,8700.37853107345
"Delhi","Spring",2041,9064.06779661017
"Delhi","Spring",2042,9427.79661016949
"Delhi","Spring",2043,9791.46892655367
"Delhi","Spring",2044,10155.1525423729
"Delhi","Spring",2045,10518.8926553672
"Delhi","Spring",2046,10882.5649717514
"Delhi","Spring",2047,11246.2768361582
"Delhi","Spring",2048,11609.9322033898
"Delhi","Spring",2049,11973.6666666667
"Delhi","Spring",2050,12337.3728813559
"Goa","Spring",2017,589.35
"Goa","Spring",2018,626.85
"Goa","Spring",2019,663.65
"Goa","Spring",2020,700.175
"Goa","Spring",2021,736.15
"Goa","Spring",2022,592.8
"Goa","Spring",2023,619.1
"Goa","Spring",2024,647
"Goa","Spring",2025,677.875
"Goa","Spring",2026,710.05
"Goa","Spring",2027,743.5
"Goa","Spring",2028,778.525
"Goa","Spring",2029,814.625
"Goa","Spring",2030,858.15
"Goa","Spring",2031,892.25
"Goa","Spring",2032,926.375
"Goa","Spring",2033,970.15
"Goa","Spring",2034,1013.85
"Goa","Spring",2035,1057.7
"Goa","Spring",2036,1101.5
"Goa","Spring",2037,1145.275
"Goa","Spring",2038,1197.175
"Goa","Spring",2039,1248.925
"Goa","Spring",2040,1300.675
"Goa","Spring",2041,1352.425
"Goa","Spring",2042,1404.325
"Goa","Spring",2043,1456.175
"Goa","Spring",2044,1507.85
"Goa","Spring",2045,1559.825
"Goa","Spring",2046,1611.65
"Goa","Spring",2047,1663.325
"Goa","Spring",2048,1715.3
"Goa","Spring",2049,1767.05
"Goa","Spring",2050,1819.05
"Gujarat","Spring",2017,12475.5
"Gujarat","Spring",2018,13345.2
"Gujarat","Spring",2019,14231.775
"Gujarat","Spring",2020,15138.675
"Gujarat","Spring",2021,16059.45
"Gujarat","Spring",2022,14598.725
"Gujarat","Spring",2023,16436
"Gujarat","Spring",2024,17432.7
"Gujarat","Spring",2025,18671.375
"Gujarat","Spring",2026,20037.125
"Gujarat","Spring",2027,21464.45
"Gujarat","Spring",2028,22982.225
"Gujarat","Spring",2029,24567.8
"Gujarat","Spring",2030,26573.575
"Gujarat","Spring",2031,27561.3
"Gujarat","Spring",2032,28541.15
"Gujarat","Spring",2033,30022.425
"Gujarat","Spring",2034,31503.65
"Gujarat","Spring",2035,32984.725
"Gujarat","Spring",2036,34465.975
"Gujarat","Spring",2037,35947.25
"Gujarat","Spring",2038,37499.525
"Gujarat","Spring",2039,39051.675
"Gujarat","Spring",2040,40604.075
"Gujarat","Spring",2041,42156.325
"Gujarat","Spring",2042,43708.65
"Gujarat","Spring",2043,45260.85
"Gujarat","Spring",2044,46813.05
"Gujarat","Spring",2045,48365.35
"Gujarat","Spring",2046,49917.6
"Gujarat","Spring",2047,51469.95
"Gujarat","Spring",2048,53022.15
"Gujarat","Spring",2049,54574.4
"Gujarat","Spring",2050,56126.675
"Haryana","Spring",2017,5871.75
"Haryana","Spring",2018,6192.525
"Haryana","Spring",2019,6537.8
"Haryana","Spring",2020,6909.25
"Haryana","Spring",2021,7283.925
"Haryana","Spring",2022,6716.475
"Haryana","Spring",2023,7360.3
"Haryana","Spring",2024,7830.525
"Haryana","Spring",2025,8372.625
"Haryana","Spring",2026,8962.975
"Haryana","Spring",2027,9597.2
"Haryana","Spring",2028,10262.125
"Haryana","Spring",2029,10965.275
"Haryana","Spring",2030,11794.15
"Haryana","Spring",2031,12393.725
"Haryana","Spring",2032,13032.75
"Haryana","Spring",2033,13720.025
"Haryana","Spring",2034,14407.425
"Haryana","Spring",2035,15094.775
"Haryana","Spring",2036,15782.2
"Haryana","Spring",2037,16469.5
"Haryana","Spring",2038,17200.7
"Haryana","Spring",2039,17931.95
"Haryana","Spring",2040,18663.125
"Haryana","Spring",2041,19394.45
"Haryana","Spring",2042,20125.575
"Haryana","Spring",2043,20856.85
"Haryana","Spring",2044,21588.1
"Haryana","Spring",2045,22319.375
"Haryana","Spring",2046,23050.575
"Haryana","Spring",2047,23781.75
"Haryana","Spring",2048,24512.925
"Haryana","Spring",2049,25244.225
"Haryana","Spring",2050,25975.425
"Himachal_Pradesh","Spring",2017,1506.725
"Himachal_Pradesh","Spring",2018,1567.3
"Himachal_Pradesh","Spring",2019,1630.8
"Himachal_Pradesh","Spring",2020,1697
"Himachal_Pradesh","Spring",2021,1767.325
"Himachal_Pradesh","Spring",2022,1790.5
"Himachal_Pradesh","Spring",2023,1863.975
"Himachal_Pradesh","Spring",2024,1946.05
"Himachal_Pradesh","Spring",2025,2042.75
"Himachal_Pradesh","Spring",2026,2144.675
"Himachal_Pradesh","Spring",2027,2250.125
"Himachal_Pradesh","Spring",2028,2359.05
"Himachal_Pradesh","Spring",2029,2469.4
"Himachal_Pradesh","Spring",2030,2601.575
"Himachal_Pradesh","Spring",2031,2689.1
"Himachal_Pradesh","Spring",2032,2774.675
"Himachal_Pradesh","Spring",2033,2890.225
"Himachal_Pradesh","Spring",2034,3005.8
"Himachal_Pradesh","Spring",2035,3121.55
"Himachal_Pradesh","Spring",2036,3237.15
"Himachal_Pradesh","Spring",2037,3352.725
"Himachal_Pradesh","Spring",2038,3477.65
"Himachal_Pradesh","Spring",2039,3602.6
"Himachal_Pradesh","Spring",2040,3727.45
"Himachal_Pradesh","Spring",2041,3852.375
"Himachal_Pradesh","Spring",2042,3977.35
"Himachal_Pradesh","Spring",2043,4102.225
"Himachal_Pradesh","Spring",2044,4227.075
"Himachal_Pradesh","Spring",2045,4352.025
"Himachal_Pradesh","Spring",2046,4476.775
"Himachal_Pradesh","Spring",2047,4601.85
"Himachal_Pradesh","Spring",2048,4726.75
"Himachal_Pradesh","Spring",2049,4851.6
"Himachal_Pradesh","Spring",2050,4976.525
"Jammu_Kashmir","Spring",2017,2274.7
"Jammu_Kashmir","Spring",2018,2397.875
"Jammu_Kashmir","Spring",2019,2535.225
"Jammu_Kashmir","Spring",2020,2687.1
"Jammu_Kashmir","Spring",2021,2825.375
"Jammu_Kashmir","Spring",2022,2827.55
"Jammu_Kashmir","Spring",2023,2878.575
"Jammu_Kashmir","Spring",2024,3062.525
"Jammu_Kashmir","Spring",2025,3149.2
"Jammu_Kashmir","Spring",2026,3214.075
"Jammu_Kashmir","Spring",2027,3323.05
"Jammu_Kashmir","Spring",2028,3506.1
"Jammu_Kashmir","Spring",2029,3697.15
"Jammu_Kashmir","Spring",2030,3887.425
"Jammu_Kashmir","Spring",2031,4067.575
"Jammu_Kashmir","Spring",2032,4239.5
"Jammu_Kashmir","Spring",2033,4464.05
"Jammu_Kashmir","Spring",2034,4688.8
"Jammu_Kashmir","Spring",2035,4913.575
"Jammu_Kashmir","Spring",2036,5138.3
"Jammu_Kashmir","Spring",2037,5362.975
"Jammu_Kashmir","Spring",2038,5636.175
"Jammu_Kashmir","Spring",2039,5909.325
"Jammu_Kashmir","Spring",2040,6182.55
"Jammu_Kashmir","Spring",2041,6455.625
"Jammu_Kashmir","Spring",2042,6728.875
"Jammu_Kashmir","Spring",2043,7002.1
"Jammu_Kashmir","Spring",2044,7275.275
"Jammu_Kashmir","Spring",2045,7548.375
"Jammu_Kashmir","Spring",2046,7821.65
"Jammu_Kashmir","Spring",2047,8094.8
"Jammu_Kashmir","Spring",2048,8368.025
"Jammu_Kashmir","Spring",2049,8641.175
"Jammu_Kashmir","Spring",2050,8914.35
"Jharkhand","Spring",2017,3739.175
"Jharkhand","Spring",2018,3922.3
"Jharkhand","Spring",2019,4171.25
"Jharkhand","Spring",2020,4403.475
"Jharkhand","Spring",2021,4652.3
"Jharkhand","Spring",2022,2544.375
"Jharkhand","Spring",2023,2687
"Jharkhand","Spring",2024,2839.325
"Jharkhand","Spring",2025,3018.475
"Jharkhand","Spring",2026,3211.55
"Jharkhand","Spring",2027,3420.15
"Jharkhand","Spring",2028,3635.8
"Jharkhand","Spring",2029,3859.7
"Jharkhand","Spring",2030,4129.75
"Jharkhand","Spring",2031,4312.2
"Jharkhand","Spring",2032,4489.15
"Jharkhand","Spring",2033,4742.875
"Jharkhand","Spring",2034,4996.55
"Jharkhand","Spring",2035,5250.325
"Jharkhand","Spring",2036,5504.15
"Jharkhand","Spring",2037,5757.825
"Jharkhand","Spring",2038,6053.15
"Jharkhand","Spring",2039,6348.375
"Jharkhand","Spring",2040,6643.625
"Jharkhand","Spring",2041,6938.85
"Jharkhand","Spring",2042,7234.2
"Jharkhand","Spring",2043,7529.4
"Jharkhand","Spring",2044,7824.625
"Jharkhand","Spring",2045,8120.15
"Jharkhand","Spring",2046,8415.175
"Jharkhand","Spring",2047,8710.425
"Jharkhand","Spring",2048,9005.775
"Jharkhand","Spring",2049,9300.925
"Jharkhand","Spring",2050,9596.125
"Karnataka","Spring",2017,10583.9
"Karnataka","Spring",2018,11181.75
"Karnataka","Spring",2019,11791.525
"Karnataka","Spring",2020,12433.1
"Karnataka","Spring",2021,13108.95
"Karnataka","Spring",2022,13462.75
"Karnataka","Spring",2023,13687.975
"Karnataka","Spring",2024,14196.05
"Karnataka","Spring",2025,14776.55
"Karnataka","Spring",2026,15383.45
"Karnataka","Spring",2027,16164.975
"Karnataka","Spring",2028,16860.2
"Karnataka","Spring",2029,17560.65
"Karnataka","Spring",2030,18377.325
"Karnataka","Spring",2031,19010.1
"Karnataka","Spring",2032,19605.425
"Karnataka","Spring",2033,20401.475
"Karnataka","Spring",2034,21197.35
"Karnataka","Spring",2035,21993.35
"Karnataka","Spring",2036,22789.4
"Karnataka","Spring",2037,23585.325
"Karnataka","Spring",2038,24498.425
"Karnataka","Spring",2039,25411.5
"Karnataka","Spring",2040,26324.65
"Karnataka","Spring",2041,27237.725
"Karnataka","Spring",2042,28150.825
"Karnataka","Spring",2043,29063.925
"Karnataka","Spring",2044,29976.975
"Karnataka","Spring",2045,30890.05
"Karnataka","Spring",2046,31803.15
"Karnataka","Spring",2047,32716.2
"Karnataka","Spring",2048,33629.25
"Karnataka","Spring",2049,34542.4
"Karnataka","Spring",2050,35455.5
"Kerala","Spring",2017,4205
"Kerala","Spring",2018,4417.95
"Kerala","Spring",2019,4637.575
"Kerala","Spring",2020,4863.275
"Kerala","Spring",2021,5098.1
"Kerala","Spring",2022,4296.85
"Kerala","Spring",2023,4498.575
"Kerala","Spring",2024,4714
"Kerala","Spring",2025,4950.15
"Kerala","Spring",2026,5197.025
"Kerala","Spring",2027,5455.275
"Kerala","Spring",2028,5724.575
"Kerala","Spring",2029,6008.425
"Kerala","Spring",2030,6338.925
"Kerala","Spring",2031,6617.075
"Kerala","Spring",2032,6880.1
"Kerala","Spring",2033,7186.875
"Kerala","Spring",2034,7493.55
"Kerala","Spring",2035,7800.325
"Kerala","Spring",2036,8107.2
"Kerala","Spring",2037,8413.925
"Kerala","Spring",2038,8734.375
"Kerala","Spring",2039,9054.9
"Kerala","Spring",2040,9375.475
"Kerala","Spring",2041,9695.95
"Kerala","Spring",2042,10016.5
"Kerala","Spring",2043,10337.025
"Kerala","Spring",2044,10657.525
"Kerala","Spring",2045,10977.95
"Kerala","Spring",2046,11298.5
"Kerala","Spring",2047,11619.075
"Kerala","Spring",2048,11939.575
"Kerala","Spring",2049,12260.125
"Kerala","Spring",2050,12580.65
"Madhya_Pradesh","Spring",2017,9379.775
"Madhya_Pradesh","Spring",2018,10193.35
"Madhya_Pradesh","Spring",2019,10977.65
"Madhya_Pradesh","Spring",2020,11760.775
"Madhya_Pradesh","Spring",2021,12455.475
"Madhya_Pradesh","Spring",2022,11492.725
"Madhya_Pradesh","Spring",2023,12773.35
"Madhya_Pradesh","Spring",2024,13478.275
"Madhya_Pradesh","Spring",2025,14320.075
"Madhya_Pradesh","Spring",2026,15222.05
"Madhya_Pradesh","Spring",2027,16475.95
"Madhya_Pradesh","Spring",2028,17488.025
"Madhya_Pradesh","Spring",2029,18531.525
"Madhya_Pradesh","Spring",2030,19767.95
"Madhya_Pradesh","Spring",2031,20575.1
"Madhya_Pradesh","Spring",2032,21321.225
"Madhya_Pradesh","Spring",2033,22451.925
"Madhya_Pradesh","Spring",2034,23582.9
"Madhya_Pradesh","Spring",2035,24713.625
"Madhya_Pradesh","Spring",2036,25844.4
"Madhya_Pradesh","Spring",2037,26975.275
"Madhya_Pradesh","Spring",2038,28270.075
"Madhya_Pradesh","Spring",2039,29564.95
"Madhya_Pradesh","Spring",2040,30859.675
"Madhya_Pradesh","Spring",2041,32154.55
"Madhya_Pradesh","Spring",2042,33449.45
"Madhya_Pradesh","Spring",2043,34744.175
"Madhya_Pradesh","Spring",2044,36038.95
"Madhya_Pradesh","Spring",2045,37333.85
"Madhya_Pradesh","Spring",2046,38628.6
"Madhya_Pradesh","Spring",2047,39923.425
"Madhya_Pradesh","Spring",2048,41218.225
"Madhya_Pradesh","Spring",2049,42513.075
"Madhya_Pradesh","Spring",2050,43807.875
"Maharashtra","Spring",2017,18422.65
"Maharashtra","Spring",2018,19441.65
"Maharashtra","Spring",2019,20565.0056497175
"Maharashtra","Spring",2020,21699.4350282486
"Maharashtra","Spring",2021,22912.5395480226
"Maharashtra","Spring",2022,21202.9802259887
"Maharashtra","Spring",2023,22614.5451977401
"Maharashtra","Spring",2024,23569.3079096045
"Maharashtra","Spring",2025,24644.3926553672
"Maharashtra","Spring",2026,25815.2796610169
"Maharashtra","Spring",2027,27090.5649717514
"Maharashtra","Spring",2028,28305.0536723164
"Maharashtra","Spring",2029,29549.6920903955
"Maharashtra","Spring",2030,31095.2796610169
"Maharashtra","Spring",2031,31987.9124293785
"Maharashtra","Spring",2032,32802.1412429379
"Maharashtra","Spring",2033,34095.7316384181
"Maharashtra","Spring",2034,35389.4011299435
"Maharashtra","Spring",2035,36683.0536723164
"Maharashtra","Spring",2036,37976.6949152542
"Maharashtra","Spring",2037,39270.3559322034
"Maharashtra","Spring",2038,40719.4661016949
"Maharashtra","Spring",2039,42168.5734463277
"Maharashtra","Spring",2040,43617.6920903955
"Maharashtra","Spring",2041,45066.7542372881
"Maharashtra","Spring",2042,46515.9152542373
"Maharashtra","Spring",2043,47965.0338983051
"Maharashtra","Spring",2044,49414.1355932203
"Maharashtra","Spring",2045,50863.2231638418
"Maharashtra","Spring",2046,52312.3474576271
"Maharashtra","Spring",2047,53761.4604519774
"Maharashtra","Spring",2048,55210.6101694915
"Maharashtra","Spring",2049,56659.686440678
"Maharashtra","Spring",2050,58108.7966101695
"Manipur","Spring",2017,218.05
"Manipur","Spring",2018,245.45
"Manipur","Spring",2019,273.225
"Manipur","Spring",2020,298.4
"Manipur","Spring",2021,327.075
"Manipur","Spring",2022,178.175
"Manipur","Spring",2023,188.875
"Manipur","Spring",2024,199.425
"Manipur","Spring",2025,211.05
"Manipur","Spring",2026,223.05
"Manipur","Spring",2027,236.05
"Manipur","Spring",2028,249.25
"Manipur","Spring",2029,263.175
"Manipur","Spring",2030,277.95
"Manipur","Spring",2031,293.7
"Manipur","Spring",2032,309.075
"Manipur","Spring",2033,327.075
"Manipur","Spring",2034,345.075
"Manipur","Spring",2035,362.775
"Manipur","Spring",2036,380.925
"Manipur","Spring",2037,398.725
"Manipur","Spring",2038,420.125
"Manipur","Spring",2039,442.1
"Manipur","Spring",2040,463.5
"Manipur","Spring",2041,485
"Manipur","Spring",2042,506.475
"Manipur","Spring",2043,528.075
"Manipur","Spring",2044,549.825
"Manipur","Spring",2045,571.3
"Manipur","Spring",2046,592.95
"Manipur","Spring",2047,614.425
"Manipur","Spring",2048,636.075
"Manipur","Spring",2049,657.2
"Manipur","Spring",2050,679.175
"Meghalaya","Spring",2017,349.35
"Meghalaya","Spring",2018,361.35
"Meghalaya","Spring",2019,383.225
"Meghalaya","Spring",2020,397.875
"Meghalaya","Spring",2021,413.35
"Meghalaya","Spring",2022,357.35
"Meghalaya","Spring",2023,371.05
"Meghalaya","Spring",2024,385.225
"Meghalaya","Spring",2025,399.4
"Meghalaya","Spring",2026,413.95
"Meghalaya","Spring",2027,429.025
"Meghalaya","Spring",2028,444.275
"Meghalaya","Spring",2029,459.25
"Meghalaya","Spring",2030,474.55
"Meghalaya","Spring",2031,486.725
"Meghalaya","Spring",2032,498.025
"Meghalaya","Spring",2033,513.625
"Meghalaya","Spring",2034,529.375
"Meghalaya","Spring",2035,545.25
"Meghalaya","Spring",2036,560.625
"Meghalaya","Spring",2037,576.2
"Meghalaya","Spring",2038,594.15
"Meghalaya","Spring",2039,611.875
"Meghalaya","Spring",2040,629.5
"Meghalaya","Spring",2041,647.225
"Meghalaya","Spring",2042,665.05
"Meghalaya","Spring",2043,682.65
"Meghalaya","Spring",2044,700.475
"Meghalaya","Spring",2045,718.15
"Meghalaya","Spring",2046,735.975
"Meghalaya","Spring",2047,753.775
"Meghalaya","Spring",2048,771.425
"Meghalaya","Spring",2049,789.225
"Meghalaya","Spring",2050,806.95
"Mizoram","Spring",2017,104.875
"Mizoram","Spring",2018,113.275
"Mizoram","Spring",2019,122.375
"Mizoram","Spring",2020,132.55
"Mizoram","Spring",2021,143.25
"Mizoram","Spring",2022,134.475
"Mizoram","Spring",2023,145.875
"Mizoram","Spring",2024,158.725
"Mizoram","Spring",2025,172.225
"Mizoram","Spring",2026,186.75
"Mizoram","Spring",2027,201.625
"Mizoram","Spring",2028,218.325
"Mizoram","Spring",2029,235.25
"Mizoram","Spring",2030,253.525
"Mizoram","Spring",2031,271.4
"Mizoram","Spring",2032,291.325
"Mizoram","Spring",2033,315.2
"Mizoram","Spring",2034,338.875
"Mizoram","Spring",2035,362.9
"Mizoram","Spring",2036,386.625
"Mizoram","Spring",2037,410.65
"Mizoram","Spring",2038,441.575
"Mizoram","Spring",2039,472.65
"Mizoram","Spring",2040,503.65
"Mizoram","Spring",2041,534.625
"Mizoram","Spring",2042,565.425
"Mizoram","Spring",2043,596.45
"Mizoram","Spring",2044,627.975
"Mizoram","Spring",2045,658.65
"Mizoram","Spring",2046,689.675
"Mizoram","Spring",2047,720.675
"Mizoram","Spring",2048,751.5
"Mizoram","Spring",2049,782.55
"Mizoram","Spring",2050,813.575
"Nagaland","Spring",2017,132.175
"Nagaland","Spring",2018,141.825
"Nagaland","Spring",2019,151.7
"Nagaland","Spring",2020,162.025
"Nagaland","Spring",2021,173.15
"Nagaland","Spring",2022,125.125
"Nagaland","Spring",2023,131.45
"Nagaland","Spring",2024,137.65
"Nagaland","Spring",2025,144.25
"Nagaland","Spring",2026,150.675
"Nagaland","Spring",2027,157.025
"Nagaland","Spring",2028,164.025
"Nagaland","Spring",2029,171.15
"Nagaland","Spring",2030,178.15
"Nagaland","Spring",2031,184.275
"Nagaland","Spring",2032,188.3
"Nagaland","Spring",2033,195.55
"Nagaland","Spring",2034,202.875
"Nagaland","Spring",2035,210.05
"Nagaland","Spring",2036,217.65
"Nagaland","Spring",2037,224.8
"Nagaland","Spring",2038,233.25
"Nagaland","Spring",2039,241.525
"Nagaland","Spring",2040,250.075
"Nagaland","Spring",2041,258.6
"Nagaland","Spring",2042,266.725
"Nagaland","Spring",2043,275.3
"Nagaland","Spring",2044,283.85
"Nagaland","Spring",2045,292.175
"Nagaland","Spring",2046,300.575
"Nagaland","Spring",2047,308.7
"Nagaland","Spring",2048,317.425
"Nagaland","Spring",2049,325.825
"Nagaland","Spring",2050,334.15
"Odisha","Spring",2017,4149.675
"Odisha","Spring",2018,4382.65
"Odisha","Spring",2019,4561.55
"Odisha","Spring",2020,4708.475
"Odisha","Spring",2021,4856.5
"Odisha","Spring",2022,5233.25
"Odisha","Spring",2023,5993.05
"Odisha","Spring",2024,6116.95
"Odisha","Spring",2025,6367.575
"Odisha","Spring",2026,6664.125
"Odisha","Spring",2027,7000.275
"Odisha","Spring",2028,7376.65
"Odisha","Spring",2029,7786.55
"Odisha","Spring",2030,8315.9
"Odisha","Spring",2031,8621.275
"Odisha","Spring",2032,8904.825
"Odisha","Spring",2033,9352.35
"Odisha","Spring",2034,9799.85
"Odisha","Spring",2035,10247.35
"Odisha","Spring",2036,10695.05
"Odisha","Spring",2037,11142.65
"Odisha","Spring",2038,11660.925
"Odisha","Spring",2039,12179.1
"Odisha","Spring",2040,12697.325
"Odisha","Spring",2041,13215.6
"Odisha","Spring",2042,13733.875
"Odisha","Spring",2043,14252.175
"Odisha","Spring",2044,14770.4
"Odisha","Spring",2045,15288.675
"Odisha","Spring",2046,15806.95
"Odisha","Spring",2047,16325.25
"Odisha","Spring",2048,16843.575
"Odisha","Spring",2049,17361.725
"Odisha","Spring",2050,17880.025
"Puducherry","Spring",2017,414.4
"Puducherry","Spring",2018,432.05
"Puducherry","Spring",2019,449.65
"Puducherry","Spring",2020,467.6
"Puducherry","Spring",2021,486.425
"Puducherry","Spring",2022,389.4
"Puducherry","Spring",2023,410.4
"Puducherry","Spring",2024,422.325
"Puducherry","Spring",2025,435.475
"Puducherry","Spring",2026,448.7
"Puducherry","Spring",2027,462.95
"Puducherry","Spring",2028,476.85
"Puducherry","Spring",2029,491.525
"Puducherry","Spring",2030,509.075
"Puducherry","Spring",2031,521.625
"Puducherry","Spring",2032,532.025
"Puducherry","Spring",2033,547.275
"Puducherry","Spring",2034,562.475
"Puducherry","Spring",2035,577.525
"Puducherry","Spring",2036,592.9
"Puducherry","Spring",2037,608.25
"Puducherry","Spring",2038,624.55
"Puducherry","Spring",2039,641.25
"Puducherry","Spring",2040,657.825
"Puducherry","Spring",2041,674.35
"Puducherry","Spring",2042,691.15
"Puducherry","Spring",2043,707.675
"Puducherry","Spring",2044,724.25
"Puducherry","Spring",2045,740.85
"Puducherry","Spring",2046,757.475
"Puducherry","Spring",2047,774.05
"Puducherry","Spring",2048,790.65
"Puducherry","Spring",2049,807.15
"Puducherry","Spring",2050,823.875
"Punjab","Spring",2017,5951.2
"Punjab","Spring",2018,6290.6
"Punjab","Spring",2019,6640.3
"Punjab","Spring",2020,6999.375
"Punjab","Spring",2021,7368.3
"Punjab","Spring",2022,6529.45
"Punjab","Spring",2023,6902.725
"Punjab","Spring",2024,7203.35
"Punjab","Spring",2025,7561.625
"Punjab","Spring",2026,7945.1
"Punjab","Spring",2027,8356.975
"Punjab","Spring",2028,8784.825
"Punjab","Spring",2029,9234.475
"Punjab","Spring",2030,9786.75
"Punjab","Spring",2031,10128.9
"Punjab","Spring",2032,10473.35
"Punjab","Spring",2033,10892.1
"Punjab","Spring",2034,11310.625
"Punjab","Spring",2035,11729.35
"Punjab","Spring",2036,12147.925
"Punjab","Spring",2037,12566.675
"Punjab","Spring",2038,13044.1
"Punjab","Spring",2039,13521.6
"Punjab","Spring",2040,13999.1
"Punjab","Spring",2041,14476.55
"Punjab","Spring",2042,14954.05
"Punjab","Spring",2043,15431.475
"Punjab","Spring",2044,15908.9
"Punjab","Spring",2045,16386.3
"Punjab","Spring",2046,16863.775
"Punjab","Spring",2047,17341.325
"Punjab","Spring",2048,17818.7
"Punjab","Spring",2049,18296.125
"Punjab","Spring",2050,18773.6
"Rajasthan","Spring",2017,9743.29378531073
"Rajasthan","Spring",2018,10117.8700564972
"Rajasthan","Spring",2019,10590.7401129944
"Rajasthan","Spring",2020,11090.2485875706
"Rajasthan","Spring",2021,11626.0847457627
"Rajasthan","Spring",2022,11992.5480225989
"Rajasthan","Spring",2023,13033.1581920904
"Rajasthan","Spring",2024,14363.9152542373
"Rajasthan","Spring",2025,15222.7344632768
"Rajasthan","Spring",2026,16098.8531073446
"Rajasthan","Spring",2027,17035.6101694915
"Rajasthan","Spring",2028,18005.7175141243
"Rajasthan","Spring",2029,19017.1016949153
"Rajasthan","Spring",2030,20215.0621468927
"Rajasthan","Spring",2031,21038.418079096
"Rajasthan","Spring",2032,21850.6836158192
"Rajasthan","Spring",2033,22939.9491525424
"Rajasthan","Spring",2034,24029.1751412429
"Rajasthan","Spring",2035,25118.3785310734
"Rajasthan","Spring",2036,26207.6384180791
"Rajasthan","Spring",2037,27296.9096045198
"Rajasthan","Spring",2038,28499.1581920904
"Rajasthan","Spring",2039,29701.4745762712
"Rajasthan","Spring",2040,30903.7740112994
"Rajasthan","Spring",2041,32106.1016949153
"Rajasthan","Spring",2042,33308.3559322034
"Rajasthan","Spring",2043,34510.6892655367
"Rajasthan","Spring",2044,35712.9830508475
"Rajasthan","Spring",2045,36915.3107344633
"Rajasthan","Spring",2046,38117.615819209
"Rajasthan","Spring",2047,39319.8870056497
"Rajasthan","Spring",2048,40522.1920903955
"Rajasthan","Spring",2049,41724.4745762712
"Rajasthan","Spring",2050,42926.7740112994
"Sikkim","Spring",2017,101.35
"Sikkim","Spring",2018,106.825
"Sikkim","Spring",2019,112.475
"Sikkim","Spring",2020,118.225
"Sikkim","Spring",2021,124.225
"Sikkim","Spring",2022,112
"Sikkim","Spring",2023,118.225
"Sikkim","Spring",2024,125.25
"Sikkim","Spring",2025,132.625
"Sikkim","Spring",2026,140.8
"Sikkim","Spring",2027,148.975
"Sikkim","Spring",2028,157.975
"Sikkim","Spring",2029,167.5
"Sikkim","Spring",2030,177.55
"Sikkim","Spring",2031,188.525
"Sikkim","Spring",2032,199.75
"Sikkim","Spring",2033,213.15
"Sikkim","Spring",2034,226.475
"Sikkim","Spring",2035,239.875
"Sikkim","Spring",2036,253.15
"Sikkim","Spring",2037,266.825
"Sikkim","Spring",2038,284.375
"Sikkim","Spring",2039,301.8
"Sikkim","Spring",2040,319.775
"Sikkim","Spring",2041,337.4
"Sikkim","Spring",2042,355.1
"Sikkim","Spring",2043,372.825
"Sikkim","Spring",2044,390.7
"Sikkim","Spring",2045,408.425
"Sikkim","Spring",2046,426.15
"Sikkim","Spring",2047,443.7
"Sikkim","Spring",2048,461.45
"Sikkim","Spring",2049,479.3
"Sikkim","Spring",2050,497.025
"Tamil_Nadu","Spring",2017,14455.975
"Tamil_Nadu","Spring",2018,15266.05
"Tamil_Nadu","Spring",2019,16120.275
"Tamil_Nadu","Spring",2020,17011.475
"Tamil_Nadu","Spring",2021,17906.3
"Tamil_Nadu","Spring",2022,14788.275
"Tamil_Nadu","Spring",2023,15291.875
"Tamil_Nadu","Spring",2024,16144.05
"Tamil_Nadu","Spring",2025,17085.6
"Tamil_Nadu","Spring",2026,18074.7
"Tamil_Nadu","Spring",2027,19114.95
"Tamil_Nadu","Spring",2028,20197.325
"Tamil_Nadu","Spring",2029,21331.525
"Tamil_Nadu","Spring",2030,22630.2
"Tamil_Nadu","Spring",2031,23735.175
"Tamil_Nadu","Spring",2032,24829.9
"Tamil_Nadu","Spring",2033,25994.725
"Tamil_Nadu","Spring",2034,27159.625
"Tamil_Nadu","Spring",2035,28324.525
"Tamil_Nadu","Spring",2036,29489.425
"Tamil_Nadu","Spring",2037,30654.325
"Tamil_Nadu","Spring",2038,31787.625
"Tamil_Nadu","Spring",2039,32920.85
"Tamil_Nadu","Spring",2040,34054.175
"Tamil_Nadu","Spring",2041,35187.4
"Tamil_Nadu","Spring",2042,36320.75
"Tamil_Nadu","Spring",2043,37454.025
"Tamil_Nadu","Spring",2044,38587.325
"Tamil_Nadu","Spring",2045,39720.675
"Tamil_Nadu","Spring",2046,40854
"Tamil_Nadu","Spring",2047,41987.275
"Tamil_Nadu","Spring",2048,43120.525
"Tamil_Nadu","Spring",2049,44253.875
"Tamil_Nadu","Spring",2050,45387.1
"Telangana","Spring",2017,7726.66666666667
"Telangana","Spring",2018,8603.76836158192
"Telangana","Spring",2019,9608.71186440678
"Telangana","Spring",2020,10344.8361581921
"Telangana","Spring",2021,10865.2203389831
"Telangana","Spring",2022,9632.6384180791
"Telangana","Spring",2023,9957.15254237288
"Telangana","Spring",2024,10586.7005649718
"Telangana","Spring",2025,11295.8870056497
"Telangana","Spring",2026,12051.8587570621
"Telangana","Spring",2027,12879.8813559322
"Telangana","Spring",2028,13725.3672316384
"Telangana","Spring",2029,14608.186440678
"Telangana","Spring",2030,15610.615819209
"Telangana","Spring",2031,16391.9661016949
"Telangana","Spring",2032,17155.1638418079
"Telangana","Spring",2033,18209.3672316384
"Telangana","Spring",2034,19263.581920904
"Telangana","Spring",2035,20317.7627118644
"Telangana","Spring",2036,21371.9830508475
"Telangana","Spring",2037,22426.1694915254
"Telangana","Spring",2038,23700.5084745763
"Telangana","Spring",2039,24974.8248587571
"Telangana","Spring",2040,26249.2033898305
"Telangana","Spring",2041,27523.5084745763
"Telangana","Spring",2042,28797.8474576271
"Telangana","Spring",2043,30072.2259887006
"Telangana","Spring",2044,31346.5762711864
"Telangana","Spring",2045,32620.9435028249
"Telangana","Spring",2046,33895.2994350282
"Telangana","Spring",2047,35169.5988700565
"Telangana","Spring",2048,36443.9943502825
"Telangana","Spring",2049,37718.3333333333
"Telangana","Spring",2050,38992.6949152542
"Tripura","Spring",2017,273.975
"Tripura","Spring",2018,289.425
"Tripura","Spring",2019,304.925
"Tripura","Spring",2020,321.9
"Tripura","Spring",2021,339.15
"Tripura","Spring",2022,289.725
"Tripura","Spring",2023,312.675
"Tripura","Spring",2024,368.775
"Tripura","Spring",2025,394.775
"Tripura","Spring",2026,421.575
"Tripura","Spring",2027,461.65
"Tripura","Spring",2028,491.775
"Tripura","Spring",2029,523.375
"Tripura","Spring",2030,556.75
"Tripura","Spring",2031,591.65
"Tripura","Spring",2032,628.025
"Tripura","Spring",2033,664.925
"Tripura","Spring",2034,701.8
"Tripura","Spring",2035,738.65
"Tripura","Spring",2036,775.7
"Tripura","Spring",2037,812.45
"Tripura","Spring",2038,851.05
"Tripura","Spring",2039,889.825
"Tripura","Spring",2040,928.425
"Tripura","Spring",2041,967.1
"Tripura","Spring",2042,1005.75
"Tripura","Spring",2043,1044.425
"Tripura","Spring",2044,1083.075
"Tripura","Spring",2045,1121.725
"Tripura","Spring",2046,1160.375
"Tripura","Spring",2047,1198.975
"Tripura","Spring",2048,1237.6
"Tripura","Spring",2049,1276.35
"Tripura","Spring",2050,1314.975
"UP_Agra","Spring",2017,3160.05
"UP_Agra","Spring",2018,3415.025
"UP_Agra","Spring",2019,3681.7
"UP_Agra","Spring",2020,3965.45
"UP_Agra","Spring",2021,4266.525
"UP_Agra","Spring",2022,5093.35
"UP_Agra","Spring",2023,5263.75
"UP_Agra","Spring",2024,5543.775
"UP_Agra","Spring",2025,5868.075
"UP_Agra","Spring",2026,6214.65
"UP_Agra","Spring",2027,6587.075
"UP_Agra","Spring",2028,6977.95
"UP_Agra","Spring",2029,7389.825
"UP_Agra","Spring",2030,7865.925
"UP_Agra","Spring",2031,8265.875
"UP_Agra","Spring",2032,8670.725
"UP_Agra","Spring",2033,8790.1
"UP_Agra","Spring",2034,8909.5
"UP_Agra","Spring",2035,9028.975
"UP_Agra","Spring",2036,9148.35
"UP_Agra","Spring",2037,9267.775
"UP_Agra","Spring",2038,9619.275
"UP_Agra","Spring",2039,9970.85
"UP_Agra","Spring",2040,10322.275
"UP_Agra","Spring",2041,10673.8
"UP_Agra","Spring",2042,11025.375
"UP_Agra","Spring",2043,11376.8
"UP_Agra","Spring",2044,11728.4
"UP_Agra","Spring",2045,12079.975
"UP_Agra","Spring",2046,12431.4
"UP_Agra","Spring",2047,12782.975
"UP_Agra","Spring",2048,13134.45
"UP_Agra","Spring",2049,13485.825
"UP_Agra","Spring",2050,13837.375
"UP_Kanpur","Spring",2017,401.375
"UP_Kanpur","Spring",2018,429.75
"UP_Kanpur","Spring",2019,458.825
"UP_Kanpur","Spring",2020,489.35
"UP_Kanpur","Spring",2021,521.15
"UP_Kanpur","Spring",2022,442.448979591837
"UP_Kanpur","Spring",2023,505.775510204082
"UP_Kanpur","Spring",2024,522.826530612245
"UP_Kanpur","Spring",2025,540.357142857143
"UP_Kanpur","Spring",2026,558.255102040816
"UP_Kanpur","Spring",2027,576.65306122449
"UP_Kanpur","Spring",2028,595.642857142857
"UP_Kanpur","Spring",2029,615.071428571429
"UP_Kanpur","Spring",2030,634.908163265306
"UP_Kanpur","Spring",2031,654.785714285714
"UP_Kanpur","Spring",2032,675.010204081633
"UP_Kanpur","Spring",2033,686.918367346939
"UP_Kanpur","Spring",2034,698.867346938776
"UP_Kanpur","Spring",2035,715.5
"UP_Kanpur","Spring",2036,739.35
"UP_Kanpur","Spring",2037,763.2
"UP_Kanpur","Spring",2038,766.625
"UP_Kanpur","Spring",2039,769.925
"UP_Kanpur","Spring",2040,773.225
"UP_Kanpur","Spring",2041,776.65
"UP_Kanpur","Spring",2042,779.975
"UP_Kanpur","Spring",2043,783.35
"UP_Kanpur","Spring",2044,786.75
"UP_Kanpur","Spring",2045,790.1
"UP_Kanpur","Spring",2046,793.375
"UP_Kanpur","Spring",2047,796.725
"UP_Kanpur","Spring",2048,800.05
"UP_Kanpur","Spring",2049,803.475
"UP_Kanpur","Spring",2050,806.825
"UP_Lucknow","Spring",2017,2928.275
"UP_Lucknow","Spring",2018,3164.65
"UP_Lucknow","Spring",2019,3411.75
"UP_Lucknow","Spring",2020,3674.825
"UP_Lucknow","Spring",2021,3953.7
"UP_Lucknow","Spring",2022,4721.075
"UP_Lucknow","Spring",2023,5033.775
"UP_Lucknow","Spring",2024,5366.975
"UP_Lucknow","Spring",2025,5732.5
"UP_Lucknow","Spring",2026,6122.725
"UP_Lucknow","Spring",2027,6541
"UP_Lucknow","Spring",2028,6983.15
"UP_Lucknow","Spring",2029,7454.1
"UP_Lucknow","Spring",2030,7979.175
"UP_Lucknow","Spring",2031,8487.075
"UP_Lucknow","Spring",2032,9005.7
"UP_Lucknow","Spring",2033,9238.675
"UP_Lucknow","Spring",2034,9471.65
"UP_Lucknow","Spring",2035,9704.6
"UP_Lucknow","Spring",2036,9937.65
"UP_Lucknow","Spring",2037,10170.475
"UP_Lucknow","Spring",2038,10677.8
"UP_Lucknow","Spring",2039,11185.15
"UP_Lucknow","Spring",2040,11692.35
"UP_Lucknow","Spring",2041,12199.9
"UP_Lucknow","Spring",2042,12707.1
"UP_Lucknow","Spring",2043,13214.35
"UP_Lucknow","Spring",2044,13721.8
"UP_Lucknow","Spring",2045,14229.075
"UP_Lucknow","Spring",2046,14736.425
"UP_Lucknow","Spring",2047,15243.65
"UP_Lucknow","Spring",2048,15751.025
"UP_Lucknow","Spring",2049,16258.425
"UP_Lucknow","Spring",2050,16765.75
"UP_Meerut","Spring",2017,4169.55
"UP_Meerut","Spring",2018,4507.45
"UP_Meerut","Spring",2019,4861.05
"UP_Meerut","Spring",2020,5237.425
"UP_Meerut","Spring",2021,5636.65
"UP_Meerut","Spring",2022,6802.7
"UP_Meerut","Spring",2023,7198.425
"UP_Meerut","Spring",2024,7594.875
"UP_Meerut","Spring",2025,8058.175
"UP_Meerut","Spring",2026,8556.05
"UP_Meerut","Spring",2027,9088.9
"UP_Meerut","Spring",2028,9649.05
"UP_Meerut","Spring",2029,10239.85
"UP_Meerut","Spring",2030,10934.275
"UP_Meerut","Spring",2031,11447.325
"UP_Meerut","Spring",2032,11965.975
"UP_Meerut","Spring",2033,12202.625
"UP_Meerut","Spring",2034,12439.075
"UP_Meerut","Spring",2035,12675.65
"UP_Meerut","Spring",2036,12912.2
"UP_Meerut","Spring",2037,13148.85
"UP_Meerut","Spring",2038,13703.15
"UP_Meerut","Spring",2039,14257.475
"UP_Meerut","Spring",2040,14811.75
"UP_Meerut","Spring",2041,15366.05
"UP_Meerut","Spring",2042,15920.325
"UP_Meerut","Spring",2043,16474.725
"UP_Meerut","Spring",2044,17028.925
"UP_Meerut","Spring",2045,17583.25
"UP_Meerut","Spring",2046,18137.625
"UP_Meerut","Spring",2047,18691.95
"UP_Meerut","Spring",2048,19246.175
"UP_Meerut","Spring",2049,19800.575
"UP_Meerut","Spring",2050,20354.9
"UP_Varanasi","Spring",2017,3210.825
"UP_Varanasi","Spring",2018,3439.75
"UP_Varanasi","Spring",2019,3675.95
"UP_Varanasi","Spring",2020,3923.775
"UP_Varanasi","Spring",2021,4183.2
"UP_Varanasi","Spring",2022,3618.28421052632
"UP_Varanasi","Spring",2023,4113.17894736842
"UP_Varanasi","Spring",2024,4336.67368421053
"UP_Varanasi","Spring",2025,4578.94736842105
"UP_Varanasi","Spring",2026,4834.31578947368
"UP_Varanasi","Spring",2027,5104.94736842105
"UP_Varanasi","Spring",2028,5388.07368421053
"UP_Varanasi","Spring",2029,5687.05263157895
"UP_Varanasi","Spring",2030,6020.4
"UP_Varanasi","Spring",2031,6328.85263157895
"UP_Varanasi","Spring",2032,6634.64210526316
"UP_Varanasi","Spring",2033,6946.75789473684
"UP_Varanasi","Spring",2034,7354.775
"UP_Varanasi","Spring",2035,7771.2
"UP_Varanasi","Spring",2036,8187.55
"UP_Varanasi","Spring",2037,8604
"UP_Varanasi","Spring",2038,8933.5
"UP_Varanasi","Spring",2039,9262.975
"UP_Varanasi","Spring",2040,9592.425
"UP_Varanasi","Spring",2041,9921.85
"UP_Varanasi","Spring",2042,10251.35
"UP_Varanasi","Spring",2043,10580.85
"UP_Varanasi","Spring",2044,10910.325
"UP_Varanasi","Spring",2045,11239.825
"UP_Varanasi","Spring",2046,11569.225
"UP_Varanasi","Spring",2047,11898.725
"UP_Varanasi","Spring",2048,12228.175
"UP_Varanasi","Spring",2049,12557.7
"UP_Varanasi","Spring",2050,12887.2
"Uttarakhand","Spring",2017,2227.975
"Uttarakhand","Spring",2018,2404.25
"Uttarakhand","Spring",2019,2583.775
"Uttarakhand","Spring",2020,2771.6
"Uttarakhand","Spring",2021,2968.9
"Uttarakhand","Spring",2022,2350.025
"Uttarakhand","Spring",2023,2467.95
"Uttarakhand","Spring",2024,2596.725
"Uttarakhand","Spring",2025,2744.8
"Uttarakhand","Spring",2026,2899.45
"Uttarakhand","Spring",2027,3061.975
"Uttarakhand","Spring",2028,3231.325
"Uttarakhand","Spring",2029,3406.5
"Uttarakhand","Spring",2030,3612.15
"Uttarakhand","Spring",2031,3755.1
"Uttarakhand","Spring",2032,3896.05
"Uttarakhand","Spring",2033,4080.45
"Uttarakhand","Spring",2034,4264.775
"Uttarakhand","Spring",2035,4449.275
"Uttarakhand","Spring",2036,4633.675
"Uttarakhand","Spring",2037,4818.1
"Uttarakhand","Spring",2038,5016.225
"Uttarakhand","Spring",2039,5214.575
"Uttarakhand","Spring",2040,5412.725
"Uttarakhand","Spring",2041,5610.95
"Uttarakhand","Spring",2042,5809.175
"Uttarakhand","Spring",2043,6007.325
"Uttarakhand","Spring",2044,6205.625
"Uttarakhand","Spring",2045,6403.8
"Uttarakhand","Spring",2046,6602.025
"Uttarakhand","Spring",2047,6800.225
"Uttarakhand","Spring",2048,6998.45
"Uttarakhand","Spring",2049,7196.675
"Uttarakhand","Spring",2050,7394.825
"West_Bengal","Spring",2017,9539.25
"West_Bengal","Spring",2018,9935.7
"West_Bengal","Spring",2019,10338.725
"West_Bengal","Spring",2020,10750.825
"West_Bengal","Spring",2021,11189.2
"West_Bengal","Spring",2022,8027.425
"West_Bengal","Spring",2023,8963.15
"West_Bengal","Spring",2024,9471.8
"West_Bengal","Spring",2025,10062.55
"West_Bengal","Spring",2026,10705.35
"West_Bengal","Spring",2027,11383.55
"West_Bengal","Spring",2028,12105
"West_Bengal","Spring",2029,12830.75
"West_Bengal","Spring",2030,13693.45
"West_Bengal","Spring",2031,14273.4
"West_Bengal","Spring",2032,14856.075
"West_Bengal","Spring",2033,15662.5
"West_Bengal","Spring",2034,16468.85
"West_Bengal","Spring",2035,17275.275
"West_Bengal","Spring",2036,18081.625
"West_Bengal","Spring",2037,18887.975
"West_Bengal","Spring",2038,19800.925
"West_Bengal","Spring",2039,20713.875
"West_Bengal","Spring",2040,21626.775
"West_Bengal","Spring",2041,22539.8
"West_Bengal","Spring",2042,23452.775
"West_Bengal","Spring",2043,24365.675
"West_Bengal","Spring",2044,25278.575
"West_Bengal","Spring",2045,26191.625
"West_Bengal","Spring",2046,27104.5
"West_Bengal","Spring",2047,28017.5
"West_Bengal","Spring",2048,28930.525
"West_Bengal","Spring",2049,29843.4
"West_Bengal","Spring",2050,30756.3
"Andhra_Pradesh","Summer",2017,7729.075
"Andhra_Pradesh","Summer",2018,8312.575
"Andhra_Pradesh","Summer",2019,8935.5
"Andhra_Pradesh","Summer",2020,9599.25
"Andhra_Pradesh","Summer",2021,10315.05
"Andhra_Pradesh","Summer",2022,10551.875
"Andhra_Pradesh","Summer",2023,11228.125
"Andhra_Pradesh","Summer",2024,11995.325
"Andhra_Pradesh","Summer",2025,12900
"Andhra_Pradesh","Summer",2026,13881.5
"Andhra_Pradesh","Summer",2027,14952.6
"Andhra_Pradesh","Summer",2028,16071.35
"Andhra_Pradesh","Summer",2029,17248.3
"Andhra_Pradesh","Summer",2030,18633.875
"Andhra_Pradesh","Summer",2031,19616.125
"Andhra_Pradesh","Summer",2032,20592.475
"Andhra_Pradesh","Summer",2033,21714.275
"Andhra_Pradesh","Summer",2034,22836.075
"Andhra_Pradesh","Summer",2035,23957.775
"Andhra_Pradesh","Summer",2036,25079.6
"Andhra_Pradesh","Summer",2037,26201.375
"Andhra_Pradesh","Summer",2038,27260.725
"Andhra_Pradesh","Summer",2039,28320.075
"Andhra_Pradesh","Summer",2040,29379.4
"Andhra_Pradesh","Summer",2041,30438.7
"Andhra_Pradesh","Summer",2042,31498
"Andhra_Pradesh","Summer",2043,32557.475
"Andhra_Pradesh","Summer",2044,33616.825
"Andhra_Pradesh","Summer",2045,34676.125
"Andhra_Pradesh","Summer",2046,35735.45
"Andhra_Pradesh","Summer",2047,36794.75
"Andhra_Pradesh","Summer",2048,37854.175
"Andhra_Pradesh","Summer",2049,38913.475
"Andhra_Pradesh","Summer",2050,39972.8
"Arunachal_Pradesh","Summer",2017,141.65
"Arunachal_Pradesh","Summer",2018,157.175
"Arunachal_Pradesh","Summer",2019,174.375
"Arunachal_Pradesh","Summer",2020,193.8
"Arunachal_Pradesh","Summer",2021,216.275
"Arunachal_Pradesh","Summer",2022,128.525
"Arunachal_Pradesh","Summer",2023,135.275
"Arunachal_Pradesh","Summer",2024,142.525
"Arunachal_Pradesh","Summer",2025,150.1
"Arunachal_Pradesh","Summer",2026,157.75
"Arunachal_Pradesh","Summer",2027,165.9
"Arunachal_Pradesh","Summer",2028,174.025
"Arunachal_Pradesh","Summer",2029,182.575
"Arunachal_Pradesh","Summer",2030,191.8
"Arunachal_Pradesh","Summer",2031,200.8
"Arunachal_Pradesh","Summer",2032,208.425
"Arunachal_Pradesh","Summer",2033,218.275
"Arunachal_Pradesh","Summer",2034,228.225
"Arunachal_Pradesh","Summer",2035,238.275
"Arunachal_Pradesh","Summer",2036,248
"Arunachal_Pradesh","Summer",2037,257.95
"Arunachal_Pradesh","Summer",2038,269.325
"Arunachal_Pradesh","Summer",2039,281.025
"Arunachal_Pradesh","Summer",2040,292.475
"Arunachal_Pradesh","Summer",2041,303.7
"Arunachal_Pradesh","Summer",2042,315.175
"Arunachal_Pradesh","Summer",2043,326.55
"Arunachal_Pradesh","Summer",2044,338.175
"Arunachal_Pradesh","Summer",2045,349.4
"Arunachal_Pradesh","Summer",2046,360.975
"Arunachal_Pradesh","Summer",2047,372.375
"Arunachal_Pradesh","Summer",2048,383.975
"Arunachal_Pradesh","Summer",2049,395.6
"Arunachal_Pradesh","Summer",2050,406.65
"Assam","Summer",2017,1696.425
"Assam","Summer",2018,1861.05
"Assam","Summer",2019,2044.45
"Assam","Summer",2020,2226.875
"Assam","Summer",2021,2414.725
"Assam","Summer",2022,1901.95
"Assam","Summer",2023,2113.175
"Assam","Summer",2024,2246.3
"Assam","Summer",2025,2391.05
"Assam","Summer",2026,2543.8
"Assam","Summer",2027,2707.3
"Assam","Summer",2028,2880.375
"Assam","Summer",2029,3066.025
"Assam","Summer",2030,3273.8
"Assam","Summer",2031,3470.975
"Assam","Summer",2032,3668.975
"Assam","Summer",2033,3902.7
"Assam","Summer",2034,4136.425
"Assam","Summer",2035,4370.15
"Assam","Summer",2036,4603.925
"Assam","Summer",2037,4837.7
"Assam","Summer",2038,5114.625
"Assam","Summer",2039,5391.475
"Assam","Summer",2040,5668.35
"Assam","Summer",2041,5945.325
"Assam","Summer",2042,6222.15
"Assam","Summer",2043,6498.975
"Assam","Summer",2044,6775.95
"Assam","Summer",2045,7052.8
"Assam","Summer",2046,7329.725
"Assam","Summer",2047,7606.65
"Assam","Summer",2048,7883.55
"Assam","Summer",2049,8160.475
"Assam","Summer",2050,8437.35
"Bihar","Summer",2017,3972.975
"Bihar","Summer",2018,4121.775
"Bihar","Summer",2019,4461.625
"Bihar","Summer",2020,5056.725
"Bihar","Summer",2021,5527.275
"Bihar","Summer",2022,5745.8
"Bihar","Summer",2023,6265.325
"Bihar","Summer",2024,6839.725
"Bihar","Summer",2025,7442.05
"Bihar","Summer",2026,8137.15
"Bihar","Summer",2027,8811.1
"Bihar","Summer",2028,9528.975
"Bihar","Summer",2029,10285.6
"Bihar","Summer",2030,11145.725
"Bihar","Summer",2031,11908.075
"Bihar","Summer",2032,12642.775
"Bihar","Summer",2033,13575
"Bihar","Summer",2034,14507.25
"Bihar","Summer",2035,15439.475
"Bihar","Summer",2036,16371.775
"Bihar","Summer",2037,17304
"Bihar","Summer",2038,18388.425
"Bihar","Summer",2039,19472.85
"Bihar","Summer",2040,20557.25
"Bihar","Summer",2041,21641.65
"Bihar","Summer",2042,22726.1
"Bihar","Summer",2043,23810.625
"Bihar","Summer",2044,24894.95
"Bihar","Summer",2045,25979.4
"Bihar","Summer",2046,27063.8
"Bihar","Summer",2047,28148.2
"Bihar","Summer",2048,29232.675
"Bihar","Summer",2049,30317.05
"Bihar","Summer",2050,31401.45
"Chandigarh","Summer",2017,316.825
"Chandigarh","Summer",2018,328.5
"Chandigarh","Summer",2019,340.4
"Chandigarh","Summer",2020,352.75
"Chandigarh","Summer",2021,365.675
"Chandigarh","Summer",2022,256.225
"Chandigarh","Summer",2023,276.55
"Chandigarh","Summer",2024,284
"Chandigarh","Summer",2025,291.125
"Chandigarh","Summer",2026,297.9
"Chandigarh","Summer",2027,304.6
"Chandigarh","Summer",2028,311.35
"Chandigarh","Summer",2029,318.3
"Chandigarh","Summer",2030,326.375
"Chandigarh","Summer",2031,335.95
"Chandigarh","Summer",2032,343.825
"Chandigarh","Summer",2033,352.225
"Chandigarh","Summer",2034,360.65
"Chandigarh","Summer",2035,369.075
"Chandigarh","Summer",2036,377.5
"Chandigarh","Summer",2037,385.875
"Chandigarh","Summer",2038,394.775
"Chandigarh","Summer",2039,403.8
"Chandigarh","Summer",2040,412.775
"Chandigarh","Summer",2041,421.675
"Chandigarh","Summer",2042,430.575
"Chandigarh","Summer",2043,439.525
"Chandigarh","Summer",2044,448.575
"Chandigarh","Summer",2045,457.55
"Chandigarh","Summer",2046,466.525
"Chandigarh","Summer",2047,475.45
"Chandigarh","Summer",2048,484.35
"Chandigarh","Summer",2049,493.4
"Chandigarh","Summer",2050,502.375
"Chhattisgarh","Summer",2017,4547.825
"Chhattisgarh","Summer",2018,4917.65
"Chhattisgarh","Summer",2019,5266.925
"Chhattisgarh","Summer",2020,5621.15
"Chhattisgarh","Summer",2021,6006.175
"Chhattisgarh","Summer",2022,4874
"Chhattisgarh","Summer",2023,5207.225
"Chhattisgarh","Summer",2024,5546.65
"Chhattisgarh","Summer",2025,5957.55
"Chhattisgarh","Summer",2026,6403.35
"Chhattisgarh","Summer",2027,6877.075
"Chhattisgarh","Summer",2028,7381.75
"Chhattisgarh","Summer",2029,7914.325
"Chhattisgarh","Summer",2030,8546.75
"Chhattisgarh","Summer",2031,8975.175
"Chhattisgarh","Summer",2032,9424.65
"Chhattisgarh","Summer",2033,10012.375
"Chhattisgarh","Summer",2034,10600.15
"Chhattisgarh","Summer",2035,11187.7
"Chhattisgarh","Summer",2036,11775.45
"Chhattisgarh","Summer",2037,12363.1
"Chhattisgarh","Summer",2038,13013.875
"Chhattisgarh","Summer",2039,13664.75
"Chhattisgarh","Summer",2040,14315.7
"Chhattisgarh","Summer",2041,14966.5
"Chhattisgarh","Summer",2042,15617.3
"Chhattisgarh","Summer",2043,16268.2
"Chhattisgarh","Summer",2044,16919.075
"Chhattisgarh","Summer",2045,17569.925
"Chhattisgarh","Summer",2046,18220.8
"Chhattisgarh","Summer",2047,18871.575
"Chhattisgarh","Summer",2048,19522.45
"Chhattisgarh","Summer",2049,20173.275
"Chhattisgarh","Summer",2050,20824.175
"Dadra_Nagar_Haveli","Summer",2017,877.075
"Dadra_Nagar_Haveli","Summer",2018,949.4
"Dadra_Nagar_Haveli","Summer",2019,1023.275
"Dadra_Nagar_Haveli","Summer",2020,1098.875
"Dadra_Nagar_Haveli","Summer",2021,1175.1
"Dadra_Nagar_Haveli","Summer",2022,838.55
"Dadra_Nagar_Haveli","Summer",2023,956.75
"Dadra_Nagar_Haveli","Summer",2024,1004.2
"Dadra_Nagar_Haveli","Summer",2025,1060.925
"Dadra_Nagar_Haveli","Summer",2026,1120.275
"Dadra_Nagar_Haveli","Summer",2027,1182.275
"Dadra_Nagar_Haveli","Summer",2028,1247.575
"Dadra_Nagar_Haveli","Summer",2029,1314.5
"Dadra_Nagar_Haveli","Summer",2030,1395.55
"Dadra_Nagar_Haveli","Summer",2031,1441.5
"Dadra_Nagar_Haveli","Summer",2032,1486.55
"Dadra_Nagar_Haveli","Summer",2033,1559.925
"Dadra_Nagar_Haveli","Summer",2034,1633.275
"Dadra_Nagar_Haveli","Summer",2035,1706.675
"Dadra_Nagar_Haveli","Summer",2036,1779.95
"Dadra_Nagar_Haveli","Summer",2037,1853.35
"Dadra_Nagar_Haveli","Summer",2038,1941.15
"Dadra_Nagar_Haveli","Summer",2039,2028.725
"Dadra_Nagar_Haveli","Summer",2040,2116.625
"Dadra_Nagar_Haveli","Summer",2041,2204.325
"Dadra_Nagar_Haveli","Summer",2042,2292.075
"Dadra_Nagar_Haveli","Summer",2043,2379.75
"Dadra_Nagar_Haveli","Summer",2044,2467.45
"Dadra_Nagar_Haveli","Summer",2045,2555.225
"Dadra_Nagar_Haveli","Summer",2046,2643
"Dadra_Nagar_Haveli","Summer",2047,2730.85
"Dadra_Nagar_Haveli","Summer",2048,2818.575
"Dadra_Nagar_Haveli","Summer",2049,2906.075
"Dadra_Nagar_Haveli","Summer",2050,2993.975
"Daman_Diu","Summer",2017,292.925
"Daman_Diu","Summer",2018,312.575
"Daman_Diu","Summer",2019,328.875
"Daman_Diu","Summer",2020,346.05
"Daman_Diu","Summer",2021,364.075
"Daman_Diu","Summer",2022,335.05
"Daman_Diu","Summer",2023,363.7
"Daman_Diu","Summer",2024,380.625
"Daman_Diu","Summer",2025,400.575
"Daman_Diu","Summer",2026,420.875
"Daman_Diu","Summer",2027,441.4
"Daman_Diu","Summer",2028,465.8
"Daman_Diu","Summer",2029,490.7
"Daman_Diu","Summer",2030,520.525
"Daman_Diu","Summer",2031,541.5
"Daman_Diu","Summer",2032,561.95
"Daman_Diu","Summer",2033,603.55
"Daman_Diu","Summer",2034,644.925
"Daman_Diu","Summer",2035,686.45
"Daman_Diu","Summer",2036,727.825
"Daman_Diu","Summer",2037,769.25
"Daman_Diu","Summer",2038,787.75
"Daman_Diu","Summer",2039,806.075
"Daman_Diu","Summer",2040,824.725
"Daman_Diu","Summer",2041,842.975
"Daman_Diu","Summer",2042,861.575
"Daman_Diu","Summer",2043,879.775
"Daman_Diu","Summer",2044,898.35
"Daman_Diu","Summer",2045,916.6
"Daman_Diu","Summer",2046,935.175
"Daman_Diu","Summer",2047,953.5
"Daman_Diu","Summer",2048,971.875
"Daman_Diu","Summer",2049,990.325
"Daman_Diu","Summer",2050,1008.85
"Delhi","Summer",2017,5715.925
"Delhi","Summer",2018,5911.375
"Delhi","Summer",2019,6114.975
"Delhi","Summer",2020,6321.175
"Delhi","Summer",2021,6529.45
"Delhi","Summer",2022,5645.6
"Delhi","Summer",2023,6299.95
"Delhi","Summer",2024,6594.725
"Delhi","Summer",2025,6894.9
"Delhi","Summer",2026,7215.675
"Delhi","Summer",2027,7544.225
"Delhi","Summer",2028,7890.325
"Delhi","Summer",2029,8255.375
"Delhi","Summer",2030,8663.3
"Delhi","Summer",2031,9048.55
"Delhi","Summer",2032,9444.6
"Delhi","Summer",2033,9897.075
"Delhi","Summer",2034,10349.475
"Delhi","Summer",2035,10801.975
"Delhi","Summer",2036,11254.5
"Delhi","Summer",2037,11707
"Delhi","Summer",2038,12263.75
"Delhi","Summer",2039,12820.725
"Delhi","Summer",2040,13377.65
"Delhi","Summer",2041,13934.525
"Delhi","Summer",2042,14491.375
"Delhi","Summer",2043,15048.375
"Delhi","Summer",2044,15605.125
"Delhi","Summer",2045,16162.05
"Delhi","Summer",2046,16718.925
"Delhi","Summer",2047,17275.85
"Delhi","Summer",2048,17832.65
"Delhi","Summer",2049,18389.7
"Delhi","Summer",2050,18946.45
"Goa","Summer",2017,614.8
"Goa","Summer",2018,653.925
"Goa","Summer",2019,692.275
"Goa","Summer",2020,730.5
"Goa","Summer",2021,767.95
"Goa","Summer",2022,618.45
"Goa","Summer",2023,645.9
"Goa","Summer",2024,674.85
"Goa","Summer",2025,707.025
"Goa","Summer",2026,740.575
"Goa","Summer",2027,775.75
"Goa","Summer",2028,812.225
"Goa","Summer",2029,849.7
"Goa","Summer",2030,895.075
"Goa","Summer",2031,930.9
"Goa","Summer",2032,966.4
"Goa","Summer",2033,1012.1
"Goa","Summer",2034,1057.85
"Goa","Summer",2035,1103.35
"Goa","Summer",2036,1148.825
"Goa","Summer",2037,1194.725
"Goa","Summer",2038,1248.9
"Goa","Summer",2039,1302.75
"Goa","Summer",2040,1356.875
"Goa","Summer",2041,1410.95
"Goa","Summer",2042,1465.05
"Goa","Summer",2043,1519.15
"Goa","Summer",2044,1573.225
"Goa","Summer",2045,1627.2
"Goa","Summer",2046,1681.25
"Goa","Summer",2047,1735.375
"Goa","Summer",2048,1789.175
"Goa","Summer",2049,1843.3
"Goa","Summer",2050,1897.325
"Gujarat","Summer",2017,14242.85
"Gujarat","Summer",2018,15240.85
"Gujarat","Summer",2019,16258.1
"Gujarat","Summer",2020,17300.1
"Gujarat","Summer",2021,18358.775
"Gujarat","Summer",2022,16684.15
"Gujarat","Summer",2023,18707.925
"Gujarat","Summer",2024,19822.125
"Gujarat","Summer",2025,21211.825
"Gujarat","Summer",2026,22738.775
"Gujarat","Summer",2027,24339.075
"Gujarat","Summer",2028,26039.575
"Gujarat","Summer",2029,27815.15
"Gujarat","Summer",2030,30059.5
"Gujarat","Summer",2031,31157.8
"Gujarat","Summer",2032,32244.4
"Gujarat","Summer",2033,33912.425
"Gujarat","Summer",2034,35580.675
"Gujarat","Summer",2035,37248.925
"Gujarat","Summer",2036,38917.125
"Gujarat","Summer",2037,40585.25
"Gujarat","Summer",2038,42331.175
"Gujarat","Summer",2039,44077.025
"Gujarat","Summer",2040,45822.975
"Gujarat","Summer",2041,47568.875
"Gujarat","Summer",2042,49314.875
"Gujarat","Summer",2043,51060.7
"Gujarat","Summer",2044,52806.625
"Gujarat","Summer",2045,54552.6
"Gujarat","Summer",2046,56298.45
"Gujarat","Summer",2047,58044.375
"Gujarat","Summer",2048,59790.35
"Gujarat","Summer",2049,61536.125
"Gujarat","Summer",2050,63282.175
"Haryana","Summer",2017,7982.75
"Haryana","Summer",2018,8418.675
"Haryana","Summer",2019,8888.15
"Haryana","Summer",2020,9393.175
"Haryana","Summer",2021,9902.5
"Haryana","Summer",2022,9131
"Haryana","Summer",2023,10006.45
"Haryana","Summer",2024,10645.725
"Haryana","Summer",2025,11382.7
"Haryana","Summer",2026,12185.25
"Haryana","Summer",2027,13047.425
"Haryana","Summer",2028,13951.4
"Haryana","Summer",2029,14907.325
"Haryana","Summer",2030,16034.325
"Haryana","Summer",2031,16849.5
"Haryana","Summer",2032,17718.125
"Haryana","Summer",2033,18652.55
"Haryana","Summer",2034,19587.05
"Haryana","Summer",2035,20521.525
"Haryana","Summer",2036,21456
"Haryana","Summer",2037,22390.425
"Haryana","Summer",2038,23384.5
"Haryana","Summer",2039,24378.625
"Haryana","Summer",2040,25372.725
"Haryana","Summer",2041,26366.9
"Haryana","Summer",2042,27360.975
"Haryana","Summer",2043,28355.05
"Haryana","Summer",2044,29349.175
"Haryana","Summer",2045,30343.3
"Haryana","Summer",2046,31337.4
"Haryana","Summer",2047,32331.475
"Haryana","Summer",2048,33325.575
"Haryana","Summer",2049,34319.725
"Haryana","Summer",2050,35313.875
"Himachal_Pradesh","Summer",2017,1235.15
"Himachal_Pradesh","Summer",2018,1284.75
"Himachal_Pradesh","Summer",2019,1336.925
"Himachal_Pradesh","Summer",2020,1391.3
"Himachal_Pradesh","Summer",2021,1448.875
"Himachal_Pradesh","Summer",2022,1469.9
"Himachal_Pradesh","Summer",2023,1530.325
"Himachal_Pradesh","Summer",2024,1597.75
"Himachal_Pradesh","Summer",2025,1677.125
"Himachal_Pradesh","Summer",2026,1760.9
"Himachal_Pradesh","Summer",2027,1847.5
"Himachal_Pradesh","Summer",2028,1937.075
"Himachal_Pradesh","Summer",2029,2027.775
"Himachal_Pradesh","Summer",2030,2136.45
"Himachal_Pradesh","Summer",2031,2208
"Himachal_Pradesh","Summer",2032,2278.6
"Himachal_Pradesh","Summer",2033,2373.675
"Himachal_Pradesh","Summer",2034,2468.725
"Himachal_Pradesh","Summer",2035,2563.7
"Himachal_Pradesh","Summer",2036,2658.725
"Himachal_Pradesh","Summer",2037,2753.975
"Himachal_Pradesh","Summer",2038,2856.575
"Himachal_Pradesh","Summer",2039,2959.3
"Himachal_Pradesh","Summer",2040,3061.975
"Himachal_Pradesh","Summer",2041,3164.7
"Himachal_Pradesh","Summer",2042,3267.35
"Himachal_Pradesh","Summer",2043,3370.025
"Himachal_Pradesh","Summer",2044,3472.725
"Himachal_Pradesh","Summer",2045,3575.4
"Himachal_Pradesh","Summer",2046,3678.1
"Himachal_Pradesh","Summer",2047,3780.825
"Himachal_Pradesh","Summer",2048,3883.475
"Himachal_Pradesh","Summer",2049,3986.225
"Himachal_Pradesh","Summer",2050,4088.9
"Jammu_Kashmir","Summer",2017,2097.4
"Jammu_Kashmir","Summer",2018,2216.675
"Jammu_Kashmir","Summer",2019,2349.6
"Jammu_Kashmir","Summer",2020,2496.85
"Jammu_Kashmir","Summer",2021,2632.15
"Jammu_Kashmir","Summer",2022,2607.025
"Jammu_Kashmir","Summer",2023,2659.875
"Jammu_Kashmir","Summer",2024,2830.35
"Jammu_Kashmir","Summer",2025,2911.35
"Jammu_Kashmir","Summer",2026,2972.575
"Jammu_Kashmir","Summer",2027,3075.1
"Jammu_Kashmir","Summer",2028,3247.175
"Jammu_Kashmir","Summer",2029,3428.375
"Jammu_Kashmir","Summer",2030,3608.35
"Jammu_Kashmir","Summer",2031,3781.55
"Jammu_Kashmir","Summer",2032,3946.45
"Jammu_Kashmir","Summer",2033,4160.75
"Jammu_Kashmir","Summer",2034,4375.05
"Jammu_Kashmir","Summer",2035,4589.125
"Jammu_Kashmir","Summer",2036,4803.475
"Jammu_Kashmir","Summer",2037,5017.675
"Jammu_Kashmir","Summer",2038,5278.725
"Jammu_Kashmir","Summer",2039,5539.775
"Jammu_Kashmir","Summer",2040,5800.9
"Jammu_Kashmir","Summer",2041,6061.95
"Jammu_Kashmir","Summer",2042,6322.95
"Jammu_Kashmir","Summer",2043,6584.1
"Jammu_Kashmir","Summer",2044,6845.075
"Jammu_Kashmir","Summer",2045,7106.225
"Jammu_Kashmir","Summer",2046,7367.2
"Jammu_Kashmir","Summer",2047,7628.2
"Jammu_Kashmir","Summer",2048,7889.3
"Jammu_Kashmir","Summer",2049,8150.45
"Jammu_Kashmir","Summer",2050,8411.375
"Jharkhand","Summer",2017,3724.1
"Jharkhand","Summer",2018,3906.075
"Jharkhand","Summer",2019,4154.125
"Jharkhand","Summer",2020,4385.275
"Jharkhand","Summer",2021,4633.175
"Jharkhand","Summer",2022,2533.05
"Jharkhand","Summer",2023,2674.975
"Jharkhand","Summer",2024,2826.525
"Jharkhand","Summer",2025,3004.675
"Jharkhand","Summer",2026,3196.75
"Jharkhand","Summer",2027,3404.15
"Jharkhand","Summer",2028,3618.9
"Jharkhand","Summer",2029,3841.675
"Jharkhand","Summer",2030,4110.4
"Jharkhand","Summer",2031,4291.975
"Jharkhand","Summer",2032,4468.075
"Jharkhand","Summer",2033,4720.55
"Jharkhand","Summer",2034,4973.125
"Jharkhand","Summer",2035,5225.675
"Jharkhand","Summer",2036,5478.325
"Jharkhand","Summer",2037,5730.825
"Jharkhand","Summer",2038,6024.625
"Jharkhand","Summer",2039,6318.525
"Jharkhand","Summer",2040,6612.4
"Jharkhand","Summer",2041,6906.225
"Jharkhand","Summer",2042,7200.1
"Jharkhand","Summer",2043,7493.95
"Jharkhand","Summer",2044,7787.775
"Jharkhand","Summer",2045,8081.75
"Jharkhand","Summer",2046,8375.575
"Jharkhand","Summer",2047,8669.35
"Jharkhand","Summer",2048,8963.275
"Jharkhand","Summer",2049,9257.025
"Jharkhand","Summer",2050,9551
"Karnataka","Summer",2017,10715.925
"Karnataka","Summer",2018,11319.675
"Karnataka","Summer",2019,11935.175
"Karnataka","Summer",2020,12582.875
"Karnataka","Summer",2021,13264.825
"Karnataka","Summer",2022,13398.075
"Karnataka","Summer",2023,13639.375
"Karnataka","Summer",2024,14143.95
"Karnataka","Summer",2025,14720.25
"Karnataka","Summer",2026,15323.325
"Karnataka","Summer",2027,16099.225
"Karnataka","Summer",2028,16789.025
"Karnataka","Summer",2029,17483.825
"Karnataka","Summer",2030,18294.575
"Karnataka","Summer",2031,18921.2
"Karnataka","Summer",2032,19510.525
"Karnataka","Summer",2033,20298.9
"Karnataka","Summer",2034,21087.125
"Karnataka","Summer",2035,21875.525
"Karnataka","Summer",2036,22663.8
"Karnataka","Summer",2037,23452.15
"Karnataka","Summer",2038,24355.575
"Karnataka","Summer",2039,25258.75
"Karnataka","Summer",2040,26161.975
"Karnataka","Summer",2041,27065.325
"Karnataka","Summer",2042,27968.625
"Karnataka","Summer",2043,28871.95
"Karnataka","Summer",2044,29775.125
"Karnataka","Summer",2045,30678.5
"Karnataka","Summer",2046,31581.675
"Karnataka","Summer",2047,32485.05
"Karnataka","Summer",2048,33388.25
"Karnataka","Summer",2049,34291.525
"Karnataka","Summer",2050,35194.825
"Kerala","Summer",2017,4059.725
"Kerala","Summer",2018,4265.3
"Kerala","Summer",2019,4477.325
"Kerala","Summer",2020,4695.375
"Kerala","Summer",2021,4922
"Kerala","Summer",2022,4148.4
"Kerala","Summer",2023,4343.2
"Kerala","Summer",2024,4551.25
"Kerala","Summer",2025,4779.2
"Kerala","Summer",2026,5017.425
"Kerala","Summer",2027,5266.75
"Kerala","Summer",2028,5526.825
"Kerala","Summer",2029,5800.825
"Kerala","Summer",2030,6119.975
"Kerala","Summer",2031,6388.475
"Kerala","Summer",2032,6642.45
"Kerala","Summer",2033,6938.575
"Kerala","Summer",2034,7234.75
"Kerala","Summer",2035,7531.05
"Kerala","Summer",2036,7827.1
"Kerala","Summer",2037,8123.25
"Kerala","Summer",2038,8432.65
"Kerala","Summer",2039,8742.175
"Kerala","Summer",2040,9051.575
"Kerala","Summer",2041,9361.025
"Kerala","Summer",2042,9670.425
"Kerala","Summer",2043,9979.85
"Kerala","Summer",2044,10289.325
"Kerala","Summer",2045,10598.775
"Kerala","Summer",2046,10908.2
"Kerala","Summer",2047,11217.725
"Kerala","Summer",2048,11527.125
"Kerala","Summer",2049,11836.675
"Kerala","Summer",2050,12146.05
"Madhya_Pradesh","Summer",2017,8554.475
"Madhya_Pradesh","Summer",2018,9296.525
"Madhya_Pradesh","Summer",2019,10011.975
"Madhya_Pradesh","Summer",2020,10726.275
"Madhya_Pradesh","Summer",2021,11359.775
"Madhya_Pradesh","Summer",2022,10481.775
"Madhya_Pradesh","Summer",2023,11649.775
"Madhya_Pradesh","Summer",2024,12292.65
"Madhya_Pradesh","Summer",2025,13060.425
"Madhya_Pradesh","Summer",2026,13883
"Madhya_Pradesh","Summer",2027,15026.5
"Madhya_Pradesh","Summer",2028,15949.65
"Madhya_Pradesh","Summer",2029,16901.3
"Madhya_Pradesh","Summer",2030,18028.9
"Madhya_Pradesh","Summer",2031,18765.175
"Madhya_Pradesh","Summer",2032,19445.525
"Madhya_Pradesh","Summer",2033,20476.95
"Madhya_Pradesh","Summer",2034,21508.225
"Madhya_Pradesh","Summer",2035,22539.6
"Madhya_Pradesh","Summer",2036,23570.925
"Madhya_Pradesh","Summer",2037,24602.25
"Madhya_Pradesh","Summer",2038,25783.2
"Madhya_Pradesh","Summer",2039,26964.125
"Madhya_Pradesh","Summer",2040,28144.975
"Madhya_Pradesh","Summer",2041,29325.875
"Madhya_Pradesh","Summer",2042,30506.8
"Madhya_Pradesh","Summer",2043,31687.625
"Madhya_Pradesh","Summer",2044,32868.725
"Madhya_Pradesh","Summer",2045,34049.55
"Madhya_Pradesh","Summer",2046,35230.475
"Madhya_Pradesh","Summer",2047,36411.35
"Madhya_Pradesh","Summer",2048,37592.275
"Madhya_Pradesh","Summer",2049,38773.2
"Madhya_Pradesh","Summer",2050,39954.125
"Maharashtra","Summer",2017,19397.075
"Maharashtra","Summer",2018,20481.55
"Maharashtra","Summer",2019,21698.7619047619
"Maharashtra","Summer",2020,22905.9926739927
"Maharashtra","Summer",2021,24197.0494505494
"Maharashtra","Summer",2022,22463.7399267399
"Maharashtra","Summer",2023,23972.3864468864
"Maharashtra","Summer",2024,24985.3516483516
"Maharashtra","Summer",2025,26128.5714285714
"Maharashtra","Summer",2026,27369.9725274725
"Maharashtra","Summer",2027,28727.4194139194
"Maharashtra","Summer",2028,30020.4212454212
"Maharashtra","Summer",2029,31346.304029304
"Maharashtra","Summer",2030,32989.3058608059
"Maharashtra","Summer",2031,33942.7783882784
"Maharashtra","Summer",2032,34814.3498168498
"Maharashtra","Summer",2033,36194.9157509158
"Maharashtra","Summer",2034,37575.4450549451
"Maharashtra","Summer",2035,38955.9798534799
"Maharashtra","Summer",2036,40336.5164835165
"Maharashtra","Summer",2037,41717.0641025641
"Maharashtra","Summer",2038,43265.6465201465
"Maharashtra","Summer",2039,44814.2472527472
"Maharashtra","Summer",2040,46362.8131868132
"Maharashtra","Summer",2041,47911.4175824176
"Maharashtra","Summer",2042,49459.9981684982
"Maharashtra","Summer",2043,51008.5347985348
"Maharashtra","Summer",2044,52557.1117216117
"Maharashtra","Summer",2045,54105.7087912088
"Maharashtra","Summer",2046,55654.304029304
"Maharashtra","Summer",2047,57202.8571428571
"Maharashtra","Summer",2048,58751.4615384615
"Maharashtra","Summer",2049,60300.0091575092
"Maharashtra","Summer",2050,61848.6153846154
"Manipur","Summer",2017,215.4
"Manipur","Summer",2018,242.475
"Manipur","Summer",2019,270.025
"Manipur","Summer",2020,294.825
"Manipur","Summer",2021,323.1
"Manipur","Summer",2022,176.175
"Manipur","Summer",2023,186.6
"Manipur","Summer",2024,197.175
"Manipur","Summer",2025,208.4
"Manipur","Summer",2026,220.4
"Manipur","Summer",2027,233.125
"Manipur","Summer",2028,246.2
"Manipur","Summer",2029,260
"Manipur","Summer",2030,274.5
"Manipur","Summer",2031,290.175
"Manipur","Summer",2032,305.375
"Manipur","Summer",2033,323.1
"Manipur","Summer",2034,340.825
"Manipur","Summer",2035,358.275
"Manipur","Summer",2036,376.175
"Manipur","Summer",2037,393.875
"Manipur","Summer",2038,415.125
"Manipur","Summer",2039,436.8
"Manipur","Summer",2040,457.875
"Manipur","Summer",2041,479.075
"Manipur","Summer",2042,500.525
"Manipur","Summer",2043,521.575
"Manipur","Summer",2044,542.975
"Manipur","Summer",2045,564.3
"Manipur","Summer",2046,585.525
"Manipur","Summer",2047,607.025
"Manipur","Summer",2048,628.25
"Manipur","Summer",2049,649.25
"Manipur","Summer",2050,670.95
"Meghalaya","Summer",2017,320.825
"Meghalaya","Summer",2018,331.775
"Meghalaya","Summer",2019,351.825
"Meghalaya","Summer",2020,365.35
"Meghalaya","Summer",2021,379.45
"Meghalaya","Summer",2022,328.225
"Meghalaya","Summer",2023,340.75
"Meghalaya","Summer",2024,353.825
"Meghalaya","Summer",2025,366.775
"Meghalaya","Summer",2026,380.125
"Meghalaya","Summer",2027,394.025
"Meghalaya","Summer",2028,407.85
"Meghalaya","Summer",2029,421.725
"Meghalaya","Summer",2030,435.8
"Meghalaya","Summer",2031,447
"Meghalaya","Summer",2032,457.325
"Meghalaya","Summer",2033,471.75
"Meghalaya","Summer",2034,486.125
"Meghalaya","Summer",2035,500.5
"Meghalaya","Summer",2036,514.675
"Meghalaya","Summer",2037,529.225
"Meghalaya","Summer",2038,545.425
"Meghalaya","Summer",2039,561.725
"Meghalaya","Summer",2040,578.15
"Meghalaya","Summer",2041,594.375
"Meghalaya","Summer",2042,610.675
"Meghalaya","Summer",2043,627.1
"Meghalaya","Summer",2044,643.225
"Meghalaya","Summer",2045,659.475
"Meghalaya","Summer",2046,675.725
"Meghalaya","Summer",2047,692.2
"Meghalaya","Summer",2048,708.425
"Meghalaya","Summer",2049,724.625
"Meghalaya","Summer",2050,741.075
"Mizoram","Summer",2017,102.675
"Mizoram","Summer",2018,110.775
"Mizoram","Summer",2019,119.85
"Mizoram","Summer",2020,129.55
"Mizoram","Summer",2021,139.85
"Mizoram","Summer",2022,131.55
"Mizoram","Summer",2023,142.65
"Mizoram","Summer",2024,155.25
"Mizoram","Summer",2025,168.425
"Mizoram","Summer",2026,182.65
"Mizoram","Summer",2027,197.525
"Mizoram","Summer",2028,213.825
"Mizoram","Summer",2029,230.15
"Mizoram","Summer",2030,247.925
"Mizoram","Summer",2031,265.8
"Mizoram","Summer",2032,285.125
"Mizoram","Summer",2033,308.5
"Mizoram","Summer",2034,331.375
"Mizoram","Summer",2035,355.05
"Mizoram","Summer",2036,378.25
"Mizoram","Summer",2037,401.65
"Mizoram","Summer",2038,431.975
"Mizoram","Summer",2039,462.625
"Mizoram","Summer",2040,492.95
"Mizoram","Summer",2041,523.025
"Mizoram","Summer",2042,553.225
"Mizoram","Summer",2043,583.625
"Mizoram","Summer",2044,614.475
"Mizoram","Summer",2045,644.35
"Mizoram","Summer",2046,674.75
"Mizoram","Summer",2047,705.075
"Mizoram","Summer",2048,735.35
"Mizoram","Summer",2049,765.7
"Mizoram","Summer",2050,796.1
"Nagaland","Summer",2017,138.225
"Nagaland","Summer",2018,148.6
"Nagaland","Summer",2019,158.675
"Nagaland","Summer",2020,169.75
"Nagaland","Summer",2021,181.325
"Nagaland","Summer",2022,130.95
"Nagaland","Summer",2023,137.475
"Nagaland","Summer",2024,144.25
"Nagaland","Summer",2025,150.775
"Nagaland","Summer",2026,157.625
"Nagaland","Summer",2027,164.5
"Nagaland","Summer",2028,171.775
"Nagaland","Summer",2029,179.225
"Nagaland","Summer",2030,186.45
"Nagaland","Summer",2031,192.95
"Nagaland","Summer",2032,197.2
"Nagaland","Summer",2033,204.775
"Nagaland","Summer",2034,212.45
"Nagaland","Summer",2035,220.125
"Nagaland","Summer",2036,227.675
"Nagaland","Summer",2037,235.275
"Nagaland","Summer",2038,244.225
"Nagaland","Summer",2039,253.05
"Nagaland","Summer",2040,261.7
"Nagaland","Summer",2041,270.7
"Nagaland","Summer",2042,279.225
"Nagaland","Summer",2043,288.4
"Nagaland","Summer",2044,297.075
"Nagaland","Summer",2045,305.85
"Nagaland","Summer",2046,314.7
"Nagaland","Summer",2047,323.35
"Nagaland","Summer",2048,332.3
"Nagaland","Summer",2049,341.075
"Nagaland","Summer",2050,349.95
"Odisha","Summer",2017,4111.95
"Odisha","Summer",2018,4342.625
"Odisha","Summer",2019,4520.325
"Odisha","Summer",2020,4666.825
"Odisha","Summer",2021,4814.425
"Odisha","Summer",2022,5117.875
"Odisha","Summer",2023,5877.3
"Odisha","Summer",2024,6005.675
"Odisha","Summer",2025,6258.9
"Odisha","Summer",2026,6557.95
"Odisha","Summer",2027,6896.55
"Odisha","Summer",2028,7275.475
"Odisha","Summer",2029,7688.4
"Odisha","Summer",2030,8220.275
"Odisha","Summer",2031,8531.5
"Odisha","Summer",2032,8821.6
"Odisha","Summer",2033,9278.625
"Odisha","Summer",2034,9735.725
"Odisha","Summer",2035,10192.825
"Odisha","Summer",2036,10649.8
"Odisha","Summer",2037,11106.925
"Odisha","Summer",2038,11641.3
"Odisha","Summer",2039,12175.85
"Odisha","Summer",2040,12710.325
"Odisha","Summer",2041,13244.8
"Odisha","Summer",2042,13779.3
"Odisha","Summer",2043,14313.7
"Odisha","Summer",2044,14848.425
"Odisha","Summer",2045,15382.875
"Odisha","Summer",2046,15917.175
"Odisha","Summer",2047,16451.7
"Odisha","Summer",2048,16986.25
"Odisha","Summer",2049,17520.675
"Odisha","Summer",2050,18055.15
"Puducherry","Summer",2017,452.95
"Puducherry","Summer",2018,472.075
"Puducherry","Summer",2019,491.225
"Puducherry","Summer",2020,510.95
"Puducherry","Summer",2021,531.35
"Puducherry","Summer",2022,425.575
"Puducherry","Summer",2023,448.275
"Puducherry","Summer",2024,461.65
"Puducherry","Summer",2025,476.05
"Puducherry","Summer",2026,490.225
"Puducherry","Summer",2027,505.925
"Puducherry","Summer",2028,521.1
"Puducherry","Summer",2029,537.05
"Puducherry","Summer",2030,556.275
"Puducherry","Summer",2031,570
"Puducherry","Summer",2032,581.425
"Puducherry","Summer",2033,597.975
"Puducherry","Summer",2034,614.725
"Puducherry","Summer",2035,631.325
"Puducherry","Summer",2036,648
"Puducherry","Summer",2037,664.75
"Puducherry","Summer",2038,682.9
"Puducherry","Summer",2039,700.9
"Puducherry","Summer",2040,718.925
"Puducherry","Summer",2041,737.025
"Puducherry","Summer",2042,755.15
"Puducherry","Summer",2043,773.225
"Puducherry","Summer",2044,791.375
"Puducherry","Summer",2045,809.65
"Puducherry","Summer",2046,827.775
"Puducherry","Summer",2047,845.925
"Puducherry","Summer",2048,864
"Puducherry","Summer",2049,882.2
"Puducherry","Summer",2050,900.325
"Punjab","Summer",2017,10764.675
"Punjab","Summer",2018,11378.55
"Punjab","Summer",2019,12011.05
"Punjab","Summer",2020,12660.75
"Punjab","Summer",2021,13327.85
"Punjab","Summer",2022,11810.7
"Punjab","Summer",2023,12485.7
"Punjab","Summer",2024,13029.7
"Punjab","Summer",2025,13677.675
"Punjab","Summer",2026,14371.25
"Punjab","Summer",2027,15116.375
"Punjab","Summer",2028,15890.175
"Punjab","Summer",2029,16703.45
"Punjab","Summer",2030,17702.425
"Punjab","Summer",2031,18321.7
"Punjab","Summer",2032,18944.425
"Punjab","Summer",2033,19701.775
"Punjab","Summer",2034,20459.025
"Punjab","Summer",2035,21216.375
"Punjab","Summer",2036,21973.625
"Punjab","Summer",2037,22730.95
"Punjab","Summer",2038,23594.55
"Punjab","Summer",2039,24458.25
"Punjab","Summer",2040,25321.85
"Punjab","Summer",2041,26185.525
"Punjab","Summer",2042,27049.125
"Punjab","Summer",2043,27912.75
"Punjab","Summer",2044,28776.425
"Punjab","Summer",2045,29640.075
"Punjab","Summer",2046,30503.65
"Punjab","Summer",2047,31367.275
"Punjab","Summer",2048,32230.9
"Punjab","Summer",2049,33094.6
"Punjab","Summer",2050,33958.3
"Rajasthan","Summer",2017,9340.55
"Rajasthan","Summer",2018,9699.7
"Rajasthan","Summer",2019,10152.9
"Rajasthan","Summer",2020,10631.8
"Rajasthan","Summer",2021,11145.5
"Rajasthan","Summer",2022,11496.75
"Rajasthan","Summer",2023,12494.425
"Rajasthan","Summer",2024,13770.125
"Rajasthan","Summer",2025,14593.45
"Rajasthan","Summer",2026,15433.375
"Rajasthan","Summer",2027,16331.425
"Rajasthan","Summer",2028,17261.5
"Rajasthan","Summer",2029,18230.925
"Rajasthan","Summer",2030,19379.45
"Rajasthan","Summer",2031,20168.675
"Rajasthan","Summer",2032,20947.425
"Rajasthan","Summer",2033,21991.6
"Rajasthan","Summer",2034,23035.825
"Rajasthan","Summer",2035,24080.075
"Rajasthan","Summer",2036,25124.2
"Rajasthan","Summer",2037,26168.475
"Rajasthan","Summer",2038,27321.075
"Rajasthan","Summer",2039,28473.725
"Rajasthan","Summer",2040,29626.25
"Rajasthan","Summer",2041,30778.95
"Rajasthan","Summer",2042,31931.525
"Rajasthan","Summer",2043,33084.15
"Rajasthan","Summer",2044,34236.625
"Rajasthan","Summer",2045,35389.25
"Rajasthan","Summer",2046,36541.775
"Rajasthan","Summer",2047,37694.425
"Rajasthan","Summer",2048,38847.1
"Rajasthan","Summer",2049,39999.75
"Rajasthan","Summer",2050,41152.325
"Sikkim","Summer",2017,96.5
"Sikkim","Summer",2018,101.55
"Sikkim","Summer",2019,107
"Sikkim","Summer",2020,112.575
"Sikkim","Summer",2021,118.25
"Sikkim","Summer",2022,106.575
"Sikkim","Summer",2023,112.55
"Sikkim","Summer",2024,119.25
"Sikkim","Summer",2025,126.4
"Sikkim","Summer",2026,133.95
"Sikkim","Summer",2027,141.9
"Sikkim","Summer",2028,150.35
"Sikkim","Summer",2029,159.275
"Sikkim","Summer",2030,168.8
"Sikkim","Summer",2031,179.075
"Sikkim","Summer",2032,189.9
"Sikkim","Summer",2033,202.6
"Sikkim","Summer",2034,215.225
"Sikkim","Summer",2035,228.05
"Sikkim","Summer",2036,240.8
"Sikkim","Summer",2037,253.7
"Sikkim","Summer",2038,270.35
"Sikkim","Summer",2039,287.275
"Sikkim","Summer",2040,303.925
"Sikkim","Summer",2041,320.875
"Sikkim","Summer",2042,337.6
"Sikkim","Summer",2043,354.65
"Sikkim","Summer",2044,371.425
"Sikkim","Summer",2045,388.475
"Sikkim","Summer",2046,405.25
"Sikkim","Summer",2047,422.3
"Sikkim","Summer",2048,438.925
"Sikkim","Summer",2049,455.9
"Sikkim","Summer",2050,472.675
"Tamil_Nadu","Summer",2017,15614.975
"Tamil_Nadu","Summer",2018,16496.55
"Tamil_Nadu","Summer",2019,17426.7
"Tamil_Nadu","Summer",2020,18397.75
"Tamil_Nadu","Summer",2021,19373.4
"Tamil_Nadu","Summer",2022,16058.425
"Tamil_Nadu","Summer",2023,16562.675
"Tamil_Nadu","Summer",2024,17488.6
"Tamil_Nadu","Summer",2025,18511.325
"Tamil_Nadu","Summer",2026,19586.05
"Tamil_Nadu","Summer",2027,20716.525
"Tamil_Nadu","Summer",2028,21893.1
"Tamil_Nadu","Summer",2029,23126.175
"Tamil_Nadu","Summer",2030,24537.875
"Tamil_Nadu","Summer",2031,25740.15
"Tamil_Nadu","Summer",2032,26931.55
"Tamil_Nadu","Summer",2033,28200.075
"Tamil_Nadu","Summer",2034,29468.65
"Tamil_Nadu","Summer",2035,30737.35
"Tamil_Nadu","Summer",2036,32006.025
"Tamil_Nadu","Summer",2037,33274.725
"Tamil_Nadu","Summer",2038,34510.75
"Tamil_Nadu","Summer",2039,35746.725
"Tamil_Nadu","Summer",2040,36982.7
"Tamil_Nadu","Summer",2041,38218.775
"Tamil_Nadu","Summer",2042,39454.8
"Tamil_Nadu","Summer",2043,40690.7
"Tamil_Nadu","Summer",2044,41926.775
"Tamil_Nadu","Summer",2045,43162.725
"Tamil_Nadu","Summer",2046,44398.825
"Tamil_Nadu","Summer",2047,45634.85
"Tamil_Nadu","Summer",2048,46870.925
"Tamil_Nadu","Summer",2049,48106.85
"Tamil_Nadu","Summer",2050,49342.875
"Telangana","Summer",2017,8313.175
"Telangana","Summer",2018,9340.875
"Telangana","Summer",2019,10530.525
"Telangana","Summer",2020,11389.55
"Telangana","Summer",2021,11999.1
"Telangana","Summer",2022,11607.375
"Telangana","Summer",2023,12005.175
"Telangana","Summer",2024,12847.875
"Telangana","Summer",2025,13797.3
"Telangana","Summer",2026,14817.25
"Telangana","Summer",2027,15941.375
"Telangana","Summer",2028,17103
"Telangana","Summer",2029,18328.725
"Telangana","Summer",2030,19721.3
"Telangana","Summer",2031,20863.875
"Telangana","Summer",2032,22001.225
"Telangana","Summer",2033,23491.525
"Telangana","Summer",2034,24981.525
"Telangana","Summer",2035,26471.65
"Telangana","Summer",2036,27961.9
"Telangana","Summer",2037,29452.025
"Telangana","Summer",2038,31230.7
"Telangana","Summer",2039,33009.325
"Telangana","Summer",2040,34787.975
"Telangana","Summer",2041,36566.6
"Telangana","Summer",2042,38345.2
"Telangana","Summer",2043,40123.95
"Telangana","Summer",2044,41902.45
"Telangana","Summer",2045,43681.125
"Telangana","Summer",2046,45459.85
"Telangana","Summer",2047,47238.475
"Telangana","Summer",2048,49017.05
"Telangana","Summer",2049,50795.75
"Telangana","Summer",2050,52574.425
"Tripura","Summer",2017,281.05
"Tripura","Summer",2018,297.075
"Tripura","Summer",2019,313
"Tripura","Summer",2020,330.725
"Tripura","Summer",2021,348.4
"Tripura","Summer",2022,295.275
"Tripura","Summer",2023,319.05
"Tripura","Summer",2024,376.825
"Tripura","Summer",2025,404.1
"Tripura","Summer",2026,432.175
"Tripura","Summer",2027,473.625
"Tripura","Summer",2028,505.2
"Tripura","Summer",2029,538.475
"Tripura","Summer",2030,573.475
"Tripura","Summer",2031,610.2
"Tripura","Summer",2032,648.55
"Tripura","Summer",2033,687.225
"Tripura","Summer",2034,726
"Tripura","Summer",2035,764.725
"Tripura","Summer",2036,803.475
"Tripura","Summer",2037,842.05
"Tripura","Summer",2038,882.575
"Tripura","Summer",2039,923.125
"Tripura","Summer",2040,963.3
"Tripura","Summer",2041,1003.8
"Tripura","Summer",2042,1044.15
"Tripura","Summer",2043,1084.575
"Tripura","Summer",2044,1125.05
"Tripura","Summer",2045,1165.45
"Tripura","Summer",2046,1205.85
"Tripura","Summer",2047,1246.25
"Tripura","Summer",2048,1286.6
"Tripura","Summer",2049,1327.075
"Tripura","Summer",2050,1367.425
"UP_Agra","Summer",2017,3566.75
"UP_Agra","Summer",2018,3819.85
"UP_Agra","Summer",2019,4080.55
"UP_Agra","Summer",2020,4354.25
"UP_Agra","Summer",2021,4640.45
"UP_Agra","Summer",2022,4323.14285714286
"UP_Agra","Summer",2023,4645.47619047619
"UP_Agra","Summer",2024,4886.89926739927
"UP_Agra","Summer",2025,5164.5641025641
"UP_Agra","Summer",2026,5461.19597069597
"UP_Agra","Summer",2027,5779.44688644689
"UP_Agra","Summer",2028,6112.71428571429
"UP_Agra","Summer",2029,6463.68315018315
"UP_Agra","Summer",2030,6869.29304029304
"UP_Agra","Summer",2031,7207.38095238095
"UP_Agra","Summer",2032,7548.72344322344
"UP_Agra","Summer",2033,7821.8315018315
"UP_Agra","Summer",2034,8094.92673992674
"UP_Agra","Summer",2035,8368.02564102564
"UP_Agra","Summer",2036,8641.10989010989
"UP_Agra","Summer",2037,8914.22161172161
"UP_Agra","Summer",2038,9228.14835164835
"UP_Agra","Summer",2039,9542.04395604396
"UP_Agra","Summer",2040,9855.94505494506
"UP_Agra","Summer",2041,10169.858974359
"UP_Agra","Summer",2042,10483.7454212454
"UP_Agra","Summer",2043,10797.6428571429
"UP_Agra","Summer",2044,11111.5714285714
"UP_Agra","Summer",2045,11425.4816849817
"UP_Agra","Summer",2046,11739.3626373626
"UP_Agra","Summer",2047,12053.2802197802
"UP_Agra","Summer",2048,12367.2032967033
"UP_Agra","Summer",2049,12681.0805860806
"UP_Agra","Summer",2050,12995.0183150183
"UP_Kanpur","Summer",2017,483.85
"UP_Kanpur","Summer",2018,517.725
"UP_Kanpur","Summer",2019,552.575
"UP_Kanpur","Summer",2020,589.125
"UP_Kanpur","Summer",2021,627.25
"UP_Kanpur","Summer",2022,525.968864468864
"UP_Kanpur","Summer",2023,600.532967032967
"UP_Kanpur","Summer",2024,620.782051282051
"UP_Kanpur","Summer",2025,641.593406593407
"UP_Kanpur","Summer",2026,662.921245421245
"UP_Kanpur","Summer",2027,684.772893772894
"UP_Kanpur","Summer",2028,707.302197802198
"UP_Kanpur","Summer",2029,730.32967032967
"UP_Kanpur","Summer",2030,753.959706959707
"UP_Kanpur","Summer",2031,777.608058608059
"UP_Kanpur","Summer",2032,801.716117216117
"UP_Kanpur","Summer",2033,815.379120879121
"UP_Kanpur","Summer",2034,829.053113553114
"UP_Kanpur","Summer",2035,852.55
"UP_Kanpur","Summer",2036,882.525
"UP_Kanpur","Summer",2037,912.625
"UP_Kanpur","Summer",2038,916.5
"UP_Kanpur","Summer",2039,920.3
"UP_Kanpur","Summer",2040,924.05
"UP_Kanpur","Summer",2041,927.875
"UP_Kanpur","Summer",2042,931.7
"UP_Kanpur","Summer",2043,935.5
"UP_Kanpur","Summer",2044,939.325
"UP_Kanpur","Summer",2045,943.15
"UP_Kanpur","Summer",2046,946.95
"UP_Kanpur","Summer",2047,950.75
"UP_Kanpur","Summer",2048,954.575
"UP_Kanpur","Summer",2049,958.375
"UP_Kanpur","Summer",2050,962.1
"UP_Lucknow","Summer",2017,3295.8
"UP_Lucknow","Summer",2018,3529.525
"UP_Lucknow","Summer",2019,3770.525
"UP_Lucknow","Summer",2020,4023.2
"UP_Lucknow","Summer",2021,4287.8
"UP_Lucknow","Summer",2022,4000.46703296703
"UP_Lucknow","Summer",2023,4481.06227106227
"UP_Lucknow","Summer",2024,4770.83516483516
"UP_Lucknow","Summer",2025,5089.07692307692
"UP_Lucknow","Summer",2026,5428.20879120879
"UP_Lucknow","Summer",2027,5791.39194139194
"UP_Lucknow","Summer",2028,6174.86263736264
"UP_Lucknow","Summer",2029,6582.56776556777
"UP_Lucknow","Summer",2030,7036.87912087912
"UP_Lucknow","Summer",2031,7474.81135531136
"UP_Lucknow","Summer",2032,7921.34981684982
"UP_Lucknow","Summer",2033,8332.28388278388
"UP_Lucknow","Summer",2034,8743.26007326007
"UP_Lucknow","Summer",2035,9154.18315018315
"UP_Lucknow","Summer",2036,9565.10622710623
"UP_Lucknow","Summer",2037,9976.03663003663
"UP_Lucknow","Summer",2038,10461.5054945055
"UP_Lucknow","Summer",2039,10946.9340659341
"UP_Lucknow","Summer",2040,11432.3754578755
"UP_Lucknow","Summer",2041,11917.8131868132
"UP_Lucknow","Summer",2042,12403.2728937729
"UP_Lucknow","Summer",2043,12888.7289377289
"UP_Lucknow","Summer",2044,13374.1776556777
"UP_Lucknow","Summer",2045,13859.5860805861
"UP_Lucknow","Summer",2046,14345.0549450549
"UP_Lucknow","Summer",2047,14830.4945054945
"UP_Lucknow","Summer",2048,15315.9487179487
"UP_Lucknow","Summer",2049,15801.3754578755
"UP_Lucknow","Summer",2050,16286.8241758242
"UP_Meerut","Summer",2017,4658.15
"UP_Meerut","Summer",2018,4988.575
"UP_Meerut","Summer",2019,5329.15
"UP_Meerut","Summer",2020,5686.5
"UP_Meerut","Summer",2021,6060.175
"UP_Meerut","Summer",2022,5675.2032967033
"UP_Meerut","Summer",2023,6451.49633699634
"UP_Meerut","Summer",2024,6816.8663003663
"UP_Meerut","Summer",2025,7243.54395604396
"UP_Meerut","Summer",2026,7702.52564102564
"UP_Meerut","Summer",2027,8194.26923076923
"UP_Meerut","Summer",2028,8712.32967032967
"UP_Meerut","Summer",2029,9259.34432234432
"UP_Meerut","Summer",2030,9901.6043956044
"UP_Meerut","Summer",2031,10381.4963369963
"UP_Meerut","Summer",2032,10867.7216117216
"UP_Meerut","Summer",2033,11441.6758241758
"UP_Meerut","Summer",2034,12015.6282051282
"UP_Meerut","Summer",2035,12589.5512820513
"UP_Meerut","Summer",2036,13258.825
"UP_Meerut","Summer",2037,14056.025
"UP_Meerut","Summer",2038,14725.975
"UP_Meerut","Summer",2039,15396.175
"UP_Meerut","Summer",2040,16066.05
"UP_Meerut","Summer",2041,16736.225
"UP_Meerut","Summer",2042,17406.3
"UP_Meerut","Summer",2043,18076.3
"UP_Meerut","Summer",2044,18746.45
"UP_Meerut","Summer",2045,19416.45
"UP_Meerut","Summer",2046,20086.65
"UP_Meerut","Summer",2047,20756.625
"UP_Meerut","Summer",2048,21426.7
"UP_Meerut","Summer",2049,22096.75
"UP_Meerut","Summer",2050,22766.875
"UP_Varanasi","Summer",2017,3843.825
"UP_Varanasi","Summer",2018,4112.4
"UP_Varanasi","Summer",2019,4388.65
"UP_Varanasi","Summer",2020,4678
"UP_Varanasi","Summer",2021,4980.175
"UP_Varanasi","Summer",2022,4381.15018315018
"UP_Varanasi","Summer",2023,4952.24725274725
"UP_Varanasi","Summer",2024,5221.74725274725
"UP_Varanasi","Summer",2025,5513.94139194139
"UP_Varanasi","Summer",2026,5821.77289377289
"UP_Varanasi","Summer",2027,6148.08241758242
"UP_Varanasi","Summer",2028,6489.57692307692
"UP_Varanasi","Summer",2029,6850.23076923077
"UP_Varanasi","Summer",2030,7252.2673992674
"UP_Varanasi","Summer",2031,7624.29853479854
"UP_Varanasi","Summer",2032,7993.24908424908
"UP_Varanasi","Summer",2033,8349.5347985348
"UP_Varanasi","Summer",2034,8705.80952380952
"UP_Varanasi","Summer",2035,9062.11538461538
"UP_Varanasi","Summer",2036,9564.65
"UP_Varanasi","Summer",2037,10112.9
"UP_Varanasi","Summer",2038,10500.4
"UP_Varanasi","Summer",2039,10887.925
"UP_Varanasi","Summer",2040,11275.375
"UP_Varanasi","Summer",2041,11662.875
"UP_Varanasi","Summer",2042,12050.325
"UP_Varanasi","Summer",2043,12437.9
"UP_Varanasi","Summer",2044,12825.375
"UP_Varanasi","Summer",2045,13212.725
"UP_Varanasi","Summer",2046,13600.325
"UP_Varanasi","Summer",2047,13987.775
"UP_Varanasi","Summer",2048,14375.225
"UP_Varanasi","Summer",2049,14762.775
"UP_Varanasi","Summer",2050,15150.2
"Uttarakhand","Summer",2017,2249.575
"Uttarakhand","Summer",2018,2427.5
"Uttarakhand","Summer",2019,2608.675
"Uttarakhand","Summer",2020,2798.35
"Uttarakhand","Summer",2021,2997.6
"Uttarakhand","Summer",2022,2372.675
"Uttarakhand","Summer",2023,2491.775
"Uttarakhand","Summer",2024,2621.7
"Uttarakhand","Summer",2025,2771.25
"Uttarakhand","Summer",2026,2927.45
"Uttarakhand","Summer",2027,3091.525
"Uttarakhand","Summer",2028,3262.4
"Uttarakhand","Summer",2029,3439.5
"Uttarakhand","Summer",2030,3647.025
"Uttarakhand","Summer",2031,3791.35
"Uttarakhand","Summer",2032,3933.65
"Uttarakhand","Summer",2033,4119.825
"Uttarakhand","Summer",2034,4305.975
"Uttarakhand","Summer",2035,4492.175
"Uttarakhand","Summer",2036,4678.4
"Uttarakhand","Summer",2037,4864.6
"Uttarakhand","Summer",2038,5064.725
"Uttarakhand","Summer",2039,5264.8
"Uttarakhand","Summer",2040,5465.05
"Uttarakhand","Summer",2041,5665.1
"Uttarakhand","Summer",2042,5865.1
"Uttarakhand","Summer",2043,6065.35
"Uttarakhand","Summer",2044,6265.425
"Uttarakhand","Summer",2045,6465.55
"Uttarakhand","Summer",2046,6665.725
"Uttarakhand","Summer",2047,6865.9
"Uttarakhand","Summer",2048,7065.875
"Uttarakhand","Summer",2049,7266.05
"Uttarakhand","Summer",2050,7466.2
"West_Bengal","Summer",2017,10410.525
"West_Bengal","Summer",2018,10843.45
"West_Bengal","Summer",2019,11283.175
"West_Bengal","Summer",2020,11732.975
"West_Bengal","Summer",2021,12211.25
"West_Bengal","Summer",2022,8760.725
"West_Bengal","Summer",2023,9781.925
"West_Bengal","Summer",2024,10337.025
"West_Bengal","Summer",2025,10981.65
"West_Bengal","Summer",2026,11683.2
"West_Bengal","Summer",2027,12423.375
"West_Bengal","Summer",2028,13210.75
"West_Bengal","Summer",2029,14002.7
"West_Bengal","Summer",2030,14944.25
"West_Bengal","Summer",2031,15577.125
"West_Bengal","Summer",2032,16213.05
"West_Bengal","Summer",2033,17093.2
"West_Bengal","Summer",2034,17973.1
"West_Bengal","Summer",2035,18853.2
"West_Bengal","Summer",2036,19733.3
"West_Bengal","Summer",2037,20613.425
"West_Bengal","Summer",2038,21609.65
"West_Bengal","Summer",2039,22606.025
"West_Bengal","Summer",2040,23602.375
"West_Bengal","Summer",2041,24598.675
"West_Bengal","Summer",2042,25595.15
"West_Bengal","Summer",2043,26591.375
"West_Bengal","Summer",2044,27587.775
"West_Bengal","Summer",2045,28584.05
"West_Bengal","Summer",2046,29580.55
"West_Bengal","Summer",2047,30576.825
"West_Bengal","Summer",2048,31573.175
"West_Bengal","Summer",2049,32569.475
"West_Bengal","Summer",2050,33565.7
"Andhra_Pradesh","Rainy",2017,7623.075
"Andhra_Pradesh","Rainy",2018,8198.7
"Andhra_Pradesh","Rainy",2019,8813.075
"Andhra_Pradesh","Rainy",2020,9467.825
"Andhra_Pradesh","Rainy",2021,10173.875
"Andhra_Pradesh","Rainy",2022,9968.725
"Andhra_Pradesh","Rainy",2023,10612.55
"Andhra_Pradesh","Rainy",2024,11344.6
"Andhra_Pradesh","Rainy",2025,12208.25
"Andhra_Pradesh","Rainy",2026,13145.775
"Andhra_Pradesh","Rainy",2027,14169.65
"Andhra_Pradesh","Rainy",2028,15240.425
"Andhra_Pradesh","Rainy",2029,16368.25
"Andhra_Pradesh","Rainy",2030,17696.175
"Andhra_Pradesh","Rainy",2031,18641.25
"Andhra_Pradesh","Rainy",2032,19581.85
"Andhra_Pradesh","Rainy",2033,20659.25
"Andhra_Pradesh","Rainy",2034,21736.6
"Andhra_Pradesh","Rainy",2035,22814.075
"Andhra_Pradesh","Rainy",2036,23891.3
"Andhra_Pradesh","Rainy",2037,24968.7
"Andhra_Pradesh","Rainy",2038,26008.575
"Andhra_Pradesh","Rainy",2039,27048.725
"Andhra_Pradesh","Rainy",2040,28088.625
"Andhra_Pradesh","Rainy",2041,29128.7
"Andhra_Pradesh","Rainy",2042,30168.675
"Andhra_Pradesh","Rainy",2043,31208.725
"Andhra_Pradesh","Rainy",2044,32248.65
"Andhra_Pradesh","Rainy",2045,33288.675
"Andhra_Pradesh","Rainy",2046,34328.725
"Andhra_Pradesh","Rainy",2047,35368.7
"Andhra_Pradesh","Rainy",2048,36408.7
"Andhra_Pradesh","Rainy",2049,37448.75
"Andhra_Pradesh","Rainy",2050,38488.675
"Arunachal_Pradesh","Rainy",2017,151.35
"Arunachal_Pradesh","Rainy",2018,167.9
"Arunachal_Pradesh","Rainy",2019,186.2
"Arunachal_Pradesh","Rainy",2020,207.4
"Arunachal_Pradesh","Rainy",2021,231.1
"Arunachal_Pradesh","Rainy",2022,137.2
"Arunachal_Pradesh","Rainy",2023,144.35
"Arunachal_Pradesh","Rainy",2024,152.2
"Arunachal_Pradesh","Rainy",2025,160.35
"Arunachal_Pradesh","Rainy",2026,168.4
"Arunachal_Pradesh","Rainy",2027,177.1
"Arunachal_Pradesh","Rainy",2028,185.9
"Arunachal_Pradesh","Rainy",2029,195.1
"Arunachal_Pradesh","Rainy",2030,205.1
"Arunachal_Pradesh","Rainy",2031,214.4
"Arunachal_Pradesh","Rainy",2032,222.4
"Arunachal_Pradesh","Rainy",2033,233.1
"Arunachal_Pradesh","Rainy",2034,243.7
"Arunachal_Pradesh","Rainy",2035,254.3
"Arunachal_Pradesh","Rainy",2036,265.05
"Arunachal_Pradesh","Rainy",2037,275.45
"Arunachal_Pradesh","Rainy",2038,287.8
"Arunachal_Pradesh","Rainy",2039,299.9
"Arunachal_Pradesh","Rainy",2040,312.1
"Arunachal_Pradesh","Rainy",2041,324.1
"Arunachal_Pradesh","Rainy",2042,336.55
"Arunachal_Pradesh","Rainy",2043,348.85
"Arunachal_Pradesh","Rainy",2044,361.1
"Arunachal_Pradesh","Rainy",2045,373.15
"Arunachal_Pradesh","Rainy",2046,385.5
"Arunachal_Pradesh","Rainy",2047,397.6
"Arunachal_Pradesh","Rainy",2048,410.1
"Arunachal_Pradesh","Rainy",2049,422.35
"Arunachal_Pradesh","Rainy",2050,434.8
"Assam","Rainy",2017,1828.075
"Assam","Rainy",2018,2005.55
"Assam","Rainy",2019,2203.15
"Assam","Rainy",2020,2399.675
"Assam","Rainy",2021,2602.025
"Assam","Rainy",2022,2049.975
"Assam","Rainy",2023,2277.825
"Assam","Rainy",2024,2421.55
"Assam","Rainy",2025,2577.6
"Assam","Rainy",2026,2742.525
"Assam","Rainy",2027,2918.7
"Assam","Rainy",2028,3105.475
"Assam","Rainy",2029,3305.675
"Assam","Rainy",2030,3529.9
"Assam","Rainy",2031,3742.5
"Assam","Rainy",2032,3955.975
"Assam","Rainy",2033,4208.275
"Assam","Rainy",2034,4460.45
"Assam","Rainy",2035,4712.575
"Assam","Rainy",2036,4964.8
"Assam","Rainy",2037,5217.075
"Assam","Rainy",2038,5515.925
"Assam","Rainy",2039,5814.7
"Assam","Rainy",2040,6113.55
"Assam","Rainy",2041,6412.3
"Assam","Rainy",2042,6711.125
"Assam","Rainy",2043,7010.125
"Assam","Rainy",2044,7308.95
"Assam","Rainy",2045,7607.7
"Assam","Rainy",2046,7906.5
"Assam","Rainy",2047,8205.325
"Assam","Rainy",2048,8504.225
"Assam","Rainy",2049,8803.05
"Assam","Rainy",2050,9101.875
"Bihar","Rainy",2017,4035.8
"Bihar","Rainy",2018,4197.175
"Bihar","Rainy",2019,4544.05
"Bihar","Rainy",2020,5149.975
"Bihar","Rainy",2021,5629
"Bihar","Rainy",2022,5705.075
"Bihar","Rainy",2023,6312.025
"Bihar","Rainy",2024,6887.175
"Bihar","Rainy",2025,7488.5
"Bihar","Rainy",2026,8182.425
"Bihar","Rainy",2027,8855
"Bihar","Rainy",2028,9571.275
"Bihar","Rainy",2029,10325.45
"Bihar","Rainy",2030,11183.55
"Bihar","Rainy",2031,11944.575
"Bihar","Rainy",2032,12677.45
"Bihar","Rainy",2033,13606.675
"Bihar","Rainy",2034,14535.85
"Bihar","Rainy",2035,15464.95
"Bihar","Rainy",2036,16394.025
"Bihar","Rainy",2037,17323.225
"Bihar","Rainy",2038,18403.575
"Bihar","Rainy",2039,19484.175
"Bihar","Rainy",2040,20564.5
"Bihar","Rainy",2041,21644.925
"Bihar","Rainy",2042,22725.45
"Bihar","Rainy",2043,23805.825
"Bihar","Rainy",2044,24886.2
"Bihar","Rainy",2045,25966.6
"Bihar","Rainy",2046,27047.075
"Bihar","Rainy",2047,28127.4
"Bihar","Rainy",2048,29207.9
"Bihar","Rainy",2049,30288.325
"Bihar","Rainy",2050,31368.75
"Chandigarh","Rainy",2017,398.825
"Chandigarh","Rainy",2018,413.5
"Chandigarh","Rainy",2019,428.275
"Chandigarh","Rainy",2020,444
"Chandigarh","Rainy",2021,460.2
"Chandigarh","Rainy",2022,316.525
"Chandigarh","Rainy",2023,343.775
"Chandigarh","Rainy",2024,352.75
"Chandigarh","Rainy",2025,361.25
"Chandigarh","Rainy",2026,369.425
"Chandigarh","Rainy",2027,377.475
"Chandigarh","Rainy",2028,385.725
"Chandigarh","Rainy",2029,394.375
"Chandigarh","Rainy",2030,404.15
"Chandigarh","Rainy",2031,415.9
"Chandigarh","Rainy",2032,425.85
"Chandigarh","Rainy",2033,435.925
"Chandigarh","Rainy",2034,446.275
"Chandigarh","Rainy",2035,456.525
"Chandigarh","Rainy",2036,466.775
"Chandigarh","Rainy",2037,477.025
"Chandigarh","Rainy",2038,488.025
"Chandigarh","Rainy",2039,498.95
"Chandigarh","Rainy",2040,509.95
"Chandigarh","Rainy",2041,520.85
"Chandigarh","Rainy",2042,531.675
"Chandigarh","Rainy",2043,542.65
"Chandigarh","Rainy",2044,553.625
"Chandigarh","Rainy",2045,564.625
"Chandigarh","Rainy",2046,575.375
"Chandigarh","Rainy",2047,586.725
"Chandigarh","Rainy",2048,597.4
"Chandigarh","Rainy",2049,608.275
"Chandigarh","Rainy",2050,619.225
"Chhattisgarh","Rainy",2017,4271.3
"Chhattisgarh","Rainy",2018,4618.1
"Chhattisgarh","Rainy",2019,4945.925
"Chhattisgarh","Rainy",2020,5278.175
"Chhattisgarh","Rainy",2021,5639.3
"Chhattisgarh","Rainy",2022,4579.175
"Chhattisgarh","Rainy",2023,4897.3
"Chhattisgarh","Rainy",2024,5216.425
"Chhattisgarh","Rainy",2025,5602.525
"Chhattisgarh","Rainy",2026,6021.325
"Chhattisgarh","Rainy",2027,6466.3
"Chhattisgarh","Rainy",2028,6940.325
"Chhattisgarh","Rainy",2029,7440.6
"Chhattisgarh","Rainy",2030,8034.575
"Chhattisgarh","Rainy",2031,8436.75
"Chhattisgarh","Rainy",2032,8858.725
"Chhattisgarh","Rainy",2033,9409.975
"Chhattisgarh","Rainy",2034,9961.25
"Chhattisgarh","Rainy",2035,10512.5
"Chhattisgarh","Rainy",2036,11063.7
"Chhattisgarh","Rainy",2037,11614.95
"Chhattisgarh","Rainy",2038,12224.75
"Chhattisgarh","Rainy",2039,12834.575
"Chhattisgarh","Rainy",2040,13444.175
"Chhattisgarh","Rainy",2041,14054.1
"Chhattisgarh","Rainy",2042,14663.9
"Chhattisgarh","Rainy",2043,15273.55
"Chhattisgarh","Rainy",2044,15883.45
"Chhattisgarh","Rainy",2045,16493.15
"Chhattisgarh","Rainy",2046,17102.925
"Chhattisgarh","Rainy",2047,17712.675
"Chhattisgarh","Rainy",2048,18322.45
"Chhattisgarh","Rainy",2049,18932.275
"Chhattisgarh","Rainy",2050,19542
"Dadra_Nagar_Haveli","Rainy",2017,878.325
"Dadra_Nagar_Haveli","Rainy",2018,949.225
"Dadra_Nagar_Haveli","Rainy",2019,1021.325
"Dadra_Nagar_Haveli","Rainy",2020,1094.875
"Dadra_Nagar_Haveli","Rainy",2021,1169.075
"Dadra_Nagar_Haveli","Rainy",2022,842.45
"Dadra_Nagar_Haveli","Rainy",2023,960.45
"Dadra_Nagar_Haveli","Rainy",2024,1007.35
"Dadra_Nagar_Haveli","Rainy",2025,1063.2
"Dadra_Nagar_Haveli","Rainy",2026,1122.025
"Dadra_Nagar_Haveli","Rainy",2027,1183.325
"Dadra_Nagar_Haveli","Rainy",2028,1248
"Dadra_Nagar_Haveli","Rainy",2029,1314.15
"Dadra_Nagar_Haveli","Rainy",2030,1394.25
"Dadra_Nagar_Haveli","Rainy",2031,1439.1
"Dadra_Nagar_Haveli","Rainy",2032,1483.35
"Dadra_Nagar_Haveli","Rainy",2033,1555.8
"Dadra_Nagar_Haveli","Rainy",2034,1628.15
"Dadra_Nagar_Haveli","Rainy",2035,1700.625
"Dadra_Nagar_Haveli","Rainy",2036,1773.025
"Dadra_Nagar_Haveli","Rainy",2037,1845.475
"Dadra_Nagar_Haveli","Rainy",2038,1932.175
"Dadra_Nagar_Haveli","Rainy",2039,2018.925
"Dadra_Nagar_Haveli","Rainy",2040,2105.7
"Dadra_Nagar_Haveli","Rainy",2041,2192.425
"Dadra_Nagar_Haveli","Rainy",2042,2279.2
"Dadra_Nagar_Haveli","Rainy",2043,2365.95
"Dadra_Nagar_Haveli","Rainy",2044,2452.75
"Dadra_Nagar_Haveli","Rainy",2045,2539.5
"Dadra_Nagar_Haveli","Rainy",2046,2626.325
"Dadra_Nagar_Haveli","Rainy",2047,2713.05
"Dadra_Nagar_Haveli","Rainy",2048,2799.725
"Dadra_Nagar_Haveli","Rainy",2049,2886.575
"Dadra_Nagar_Haveli","Rainy",2050,2973.325
"Daman_Diu","Rainy",2017,303.4
"Daman_Diu","Rainy",2018,323.925
"Daman_Diu","Rainy",2019,340.95
"Daman_Diu","Rainy",2020,358.7
"Daman_Diu","Rainy",2021,377.375
"Daman_Diu","Rainy",2022,347.3
"Daman_Diu","Rainy",2023,377.15
"Daman_Diu","Rainy",2024,394.625
"Daman_Diu","Rainy",2025,415.3
"Daman_Diu","Rainy",2026,436.375
"Daman_Diu","Rainy",2027,457.6
"Daman_Diu","Rainy",2028,482.875
"Daman_Diu","Rainy",2029,508.925
"Daman_Diu","Rainy",2030,539.65
"Daman_Diu","Rainy",2031,561.225
"Daman_Diu","Rainy",2032,582.85
"Daman_Diu","Rainy",2033,625.8
"Daman_Diu","Rainy",2034,668.85
"Daman_Diu","Rainy",2035,712
"Daman_Diu","Rainy",2036,755.1
"Daman_Diu","Rainy",2037,798.175
"Daman_Diu","Rainy",2038,817.2
"Daman_Diu","Rainy",2039,836.025
"Daman_Diu","Rainy",2040,855.125
"Daman_Diu","Rainy",2041,874.075
"Daman_Diu","Rainy",2042,893.05
"Daman_Diu","Rainy",2043,911.95
"Daman_Diu","Rainy",2044,931.025
"Daman_Diu","Rainy",2045,949.9
"Daman_Diu","Rainy",2046,969.05
"Daman_Diu","Rainy",2047,987.925
"Daman_Diu","Rainy",2048,1006.925
"Daman_Diu","Rainy",2049,1025.85
"Daman_Diu","Rainy",2050,1044.925
"Delhi","Rainy",2017,5878.7
"Delhi","Rainy",2018,6079.6
"Delhi","Rainy",2019,6289.2
"Delhi","Rainy",2020,6501.225
"Delhi","Rainy",2021,6715.5
"Delhi","Rainy",2022,5690.1
"Delhi","Rainy",2023,6404.125
"Delhi","Rainy",2024,6699.625
"Delhi","Rainy",2025,7000.025
"Delhi","Rainy",2026,7321.2
"Delhi","Rainy",2027,7648.175
"Delhi","Rainy",2028,7991.975
"Delhi","Rainy",2029,8353.5
"Delhi","Rainy",2030,8758.375
"Delhi","Rainy",2031,9137.3
"Delhi","Rainy",2032,9524.05
"Delhi","Rainy",2033,9979.3
"Delhi","Rainy",2034,10434.525
"Delhi","Rainy",2035,10889.725
"Delhi","Rainy",2036,11345.1
"Delhi","Rainy",2037,11800.25
"Delhi","Rainy",2038,12360.35
"Delhi","Rainy",2039,12920.35
"Delhi","Rainy",2040,13480.4
"Delhi","Rainy",2041,14040.55
"Delhi","Rainy",2042,14600.625
"Delhi","Rainy",2043,15160.65
"Delhi","Rainy",2044,15720.775
"Delhi","Rainy",2045,16280.75
"Delhi","Rainy",2046,16840.85
"Delhi","Rainy",2047,17400.825
"Delhi","Rainy",2048,17960.925
"Delhi","Rainy",2049,18520.975
"Delhi","Rainy",2050,19081.075
"Goa","Rainy",2017,535.225
"Goa","Rainy",2018,569.3
"Goa","Rainy",2019,602.6
"Goa","Rainy",2020,635.85
"Goa","Rainy",2021,668.6
"Goa","Rainy",2022,538.375
"Goa","Rainy",2023,562.125
"Goa","Rainy",2024,587.4
"Goa","Rainy",2025,615.375
"Goa","Rainy",2026,644.825
"Goa","Rainy",2027,675.1
"Goa","Rainy",2028,707
"Goa","Rainy",2029,739.8
"Goa","Rainy",2030,779.275
"Goa","Rainy",2031,810.325
"Goa","Rainy",2032,841.3
"Goa","Rainy",2033,881
"Goa","Rainy",2034,920.725
"Goa","Rainy",2035,960.575
"Goa","Rainy",2036,1000.3
"Goa","Rainy",2037,1040.075
"Goa","Rainy",2038,1087.075
"Goa","Rainy",2039,1134.175
"Goa","Rainy",2040,1181.175
"Goa","Rainy",2041,1228.25
"Goa","Rainy",2042,1275.375
"Goa","Rainy",2043,1322.275
"Goa","Rainy",2044,1369.3
"Goa","Rainy",2045,1416.475
"Goa","Rainy",2046,1463.425
"Goa","Rainy",2047,1510.6
"Goa","Rainy",2048,1557.5
"Goa","Rainy",2049,1604.7
"Goa","Rainy",2050,1651.75
"Gujarat","Rainy",2017,14395.925
"Gujarat","Rainy",2018,15402.75
"Gujarat","Rainy",2019,16429
"Gujarat","Rainy",2020,17479.7
"Gujarat","Rainy",2021,18547
"Gujarat","Rainy",2022,16856.875
"Gujarat","Rainy",2023,18930.6
"Gujarat","Rainy",2024,20065.825
"Gujarat","Rainy",2025,21479.85
"Gujarat","Rainy",2026,23035.525
"Gujarat","Rainy",2027,24664.1
"Gujarat","Rainy",2028,26395.125
"Gujarat","Rainy",2029,28203.125
"Gujarat","Rainy",2030,30489
"Gujarat","Rainy",2031,31610.275
"Gujarat","Rainy",2032,32720.8
"Gujarat","Rainy",2033,34415.6
"Gujarat","Rainy",2034,36110.325
"Gujarat","Rainy",2035,37805.2
"Gujarat","Rainy",2036,39500.05
"Gujarat","Rainy",2037,41194.925
"Gujarat","Rainy",2038,42969.65
"Gujarat","Rainy",2039,44744.325
"Gujarat","Rainy",2040,46519.075
"Gujarat","Rainy",2041,48293.75
"Gujarat","Rainy",2042,50068.5
"Gujarat","Rainy",2043,51843.15
"Gujarat","Rainy",2044,53617.75
"Gujarat","Rainy",2045,55392.55
"Gujarat","Rainy",2046,57167.275
"Gujarat","Rainy",2047,58942
"Gujarat","Rainy",2048,60716.65
"Gujarat","Rainy",2049,62491.3
"Gujarat","Rainy",2050,64266
"Haryana","Rainy",2017,9551.15
"Haryana","Rainy",2018,10072.65
"Haryana","Rainy",2019,10634.45
"Haryana","Rainy",2020,11238.65
"Haryana","Rainy",2021,11848.075
"Haryana","Rainy",2022,10925.025
"Haryana","Rainy",2023,11972.2
"Haryana","Rainy",2024,12737.225
"Haryana","Rainy",2025,13619.075
"Haryana","Rainy",2026,14579.25
"Haryana","Rainy",2027,15610.925
"Haryana","Rainy",2028,16692.4
"Haryana","Rainy",2029,17836.15
"Haryana","Rainy",2030,19184.475
"Haryana","Rainy",2031,20159.875
"Haryana","Rainy",2032,21199.05
"Haryana","Rainy",2033,22317.15
"Haryana","Rainy",2034,23435.175
"Haryana","Rainy",2035,24553.375
"Haryana","Rainy",2036,25671.25
"Haryana","Rainy",2037,26789.325
"Haryana","Rainy",2038,27978.75
"Haryana","Rainy",2039,29168.125
"Haryana","Rainy",2040,30357.625
"Haryana","Rainy",2041,31546.9
"Haryana","Rainy",2042,32736.4
"Haryana","Rainy",2043,33925.85
"Haryana","Rainy",2044,35115.25
"Haryana","Rainy",2045,36304.6
"Haryana","Rainy",2046,37494.075
"Haryana","Rainy",2047,38683.475
"Haryana","Rainy",2048,39872.825
"Haryana","Rainy",2049,41062.325
"Haryana","Rainy",2050,42251.825
"Himachal_Pradesh","Rainy",2017,1305.625
"Himachal_Pradesh","Rainy",2018,1358.15
"Himachal_Pradesh","Rainy",2019,1413.275
"Himachal_Pradesh","Rainy",2020,1470.65
"Himachal_Pradesh","Rainy",2021,1531.575
"Himachal_Pradesh","Rainy",2022,1566.85
"Himachal_Pradesh","Rainy",2023,1631.6
"Himachal_Pradesh","Rainy",2024,1703.775
"Himachal_Pradesh","Rainy",2025,1788.8
"Himachal_Pradesh","Rainy",2026,1878.65
"Himachal_Pradesh","Rainy",2027,1971.275
"Himachal_Pradesh","Rainy",2028,2067.275
"Himachal_Pradesh","Rainy",2029,2164.5
"Himachal_Pradesh","Rainy",2030,2280.75
"Himachal_Pradesh","Rainy",2031,2357.525
"Himachal_Pradesh","Rainy",2032,2433.55
"Himachal_Pradesh","Rainy",2033,2535.55
"Himachal_Pradesh","Rainy",2034,2637.7
"Himachal_Pradesh","Rainy",2035,2739.8
"Himachal_Pradesh","Rainy",2036,2841.875
"Himachal_Pradesh","Rainy",2037,2943.875
"Himachal_Pradesh","Rainy",2038,3054.35
"Himachal_Pradesh","Rainy",2039,3164.85
"Himachal_Pradesh","Rainy",2040,3275.275
"Himachal_Pradesh","Rainy",2041,3385.8
"Himachal_Pradesh","Rainy",2042,3496.2
"Himachal_Pradesh","Rainy",2043,3606.65
"Himachal_Pradesh","Rainy",2044,3717.125
"Himachal_Pradesh","Rainy",2045,3827.6
"Himachal_Pradesh","Rainy",2046,3938.025
"Himachal_Pradesh","Rainy",2047,4048.55
"Himachal_Pradesh","Rainy",2048,4158.95
"Himachal_Pradesh","Rainy",2049,4269.5
"Himachal_Pradesh","Rainy",2050,4379.875
"Jammu_Kashmir","Rainy",2017,2060.75
"Jammu_Kashmir","Rainy",2018,2187.8
"Jammu_Kashmir","Rainy",2019,2329.35
"Jammu_Kashmir","Rainy",2020,2486.7
"Jammu_Kashmir","Rainy",2021,2633.65
"Jammu_Kashmir","Rainy",2022,2561.05
"Jammu_Kashmir","Rainy",2023,2623.275
"Jammu_Kashmir","Rainy",2024,2791.975
"Jammu_Kashmir","Rainy",2025,2873.6
"Jammu_Kashmir","Rainy",2026,2936.375
"Jammu_Kashmir","Rainy",2027,3040.725
"Jammu_Kashmir","Rainy",2028,3215.625
"Jammu_Kashmir","Rainy",2029,3402.55
"Jammu_Kashmir","Rainy",2030,3587.3
"Jammu_Kashmir","Rainy",2031,3769.475
"Jammu_Kashmir","Rainy",2032,3943.25
"Jammu_Kashmir","Rainy",2033,4166.175
"Jammu_Kashmir","Rainy",2034,4389.2
"Jammu_Kashmir","Rainy",2035,4612.125
"Jammu_Kashmir","Rainy",2036,4835.1
"Jammu_Kashmir","Rainy",2037,5058.1
"Jammu_Kashmir","Rainy",2038,5330.725
"Jammu_Kashmir","Rainy",2039,5603.45
"Jammu_Kashmir","Rainy",2040,5876.075
"Jammu_Kashmir","Rainy",2041,6148.65
"Jammu_Kashmir","Rainy",2042,6421.425
"Jammu_Kashmir","Rainy",2043,6694.075
"Jammu_Kashmir","Rainy",2044,6966.75
"Jammu_Kashmir","Rainy",2045,7239.425
"Jammu_Kashmir","Rainy",2046,7512.125
"Jammu_Kashmir","Rainy",2047,7784.675
"Jammu_Kashmir","Rainy",2048,8057.45
"Jammu_Kashmir","Rainy",2049,8330.15
"Jammu_Kashmir","Rainy",2050,8602.725
"Jharkhand","Rainy",2017,3549.025
"Jharkhand","Rainy",2018,3722.6
"Jharkhand","Rainy",2019,3959.025
"Jharkhand","Rainy",2020,4179.25
"Jharkhand","Rainy",2021,4415.425
"Jharkhand","Rainy",2022,2414.275
"Jharkhand","Rainy",2023,2549.7
"Jharkhand","Rainy",2024,2693.975
"Jharkhand","Rainy",2025,2863.825
"Jharkhand","Rainy",2026,3046.825
"Jharkhand","Rainy",2027,3244.675
"Jharkhand","Rainy",2028,3449.325
"Jharkhand","Rainy",2029,3661.55
"Jharkhand","Rainy",2030,3917.8
"Jharkhand","Rainy",2031,4090.725
"Jharkhand","Rainy",2032,4258.725
"Jharkhand","Rainy",2033,4499.45
"Jharkhand","Rainy",2034,4740.05
"Jharkhand","Rainy",2035,4980.825
"Jharkhand","Rainy",2036,5221.5
"Jharkhand","Rainy",2037,5462.325
"Jharkhand","Rainy",2038,5742.375
"Jharkhand","Rainy",2039,6022.4
"Jharkhand","Rainy",2040,6302.45
"Jharkhand","Rainy",2041,6582.6
"Jharkhand","Rainy",2042,6862.775
"Jharkhand","Rainy",2043,7142.825
"Jharkhand","Rainy",2044,7422.875
"Jharkhand","Rainy",2045,7703
"Jharkhand","Rainy",2046,7982.925
"Jharkhand","Rainy",2047,8263.125
"Jharkhand","Rainy",2048,8543.175
"Jharkhand","Rainy",2049,8823.325
"Jharkhand","Rainy",2050,9103.375
"Karnataka","Rainy",2017,9252.95
"Karnataka","Rainy",2018,9775.4
"Karnataka","Rainy",2019,10308.225
"Karnataka","Rainy",2020,10868.875
"Karnataka","Rainy",2021,11459.325
"Karnataka","Rainy",2022,11734.8
"Karnataka","Rainy",2023,11933.7
"Karnataka","Rainy",2024,12376.375
"Karnataka","Rainy",2025,12882.15
"Karnataka","Rainy",2026,13411.05
"Karnataka","Rainy",2027,14091.925
"Karnataka","Rainy",2028,14697.6
"Karnataka","Rainy",2029,15307.875
"Karnataka","Rainy",2030,16019.45
"Karnataka","Rainy",2031,16570.45
"Karnataka","Rainy",2032,17088.95
"Karnataka","Rainy",2033,17782.125
"Karnataka","Rainy",2034,18475.4
"Karnataka","Rainy",2035,19168.625
"Karnataka","Rainy",2036,19861.925
"Karnataka","Rainy",2037,20555.075
"Karnataka","Rainy",2038,21350.225
"Karnataka","Rainy",2039,22145.3
"Karnataka","Rainy",2040,22940.3
"Karnataka","Rainy",2041,23735.425
"Karnataka","Rainy",2042,24530.475
"Karnataka","Rainy",2043,25325.6
"Karnataka","Rainy",2044,26120.65
"Karnataka","Rainy",2045,26915.675
"Karnataka","Rainy",2046,27710.675
"Karnataka","Rainy",2047,28505.8
"Karnataka","Rainy",2048,29300.875
"Karnataka","Rainy",2049,30096
"Karnataka","Rainy",2050,30891.05
"Kerala","Rainy",2017,3846.875
"Kerala","Rainy",2018,4041.625
"Kerala","Rainy",2019,4242.525
"Kerala","Rainy",2020,4449.075
"Kerala","Rainy",2021,4663.975
"Kerala","Rainy",2022,3930.8
"Kerala","Rainy",2023,4115.375
"Kerala","Rainy",2024,4312.45
"Kerala","Rainy",2025,4528.65
"Kerala","Rainy",2026,4754.25
"Kerala","Rainy",2027,4990.65
"Kerala","Rainy",2028,5236.975
"Kerala","Rainy",2029,5496.725
"Kerala","Rainy",2030,5799.125
"Kerala","Rainy",2031,6053.55
"Kerala","Rainy",2032,6294.1
"Kerala","Rainy",2033,6574.775
"Kerala","Rainy",2034,6855.4
"Kerala","Rainy",2035,7135.95
"Kerala","Rainy",2036,7416.575
"Kerala","Rainy",2037,7697.125
"Kerala","Rainy",2038,7990.35
"Kerala","Rainy",2039,8283.725
"Kerala","Rainy",2040,8576.85
"Kerala","Rainy",2041,8870.1
"Kerala","Rainy",2042,9163.3
"Kerala","Rainy",2043,9456.55
"Kerala","Rainy",2044,9749.775
"Kerala","Rainy",2045,10043
"Kerala","Rainy",2046,10336.2
"Kerala","Rainy",2047,10629.375
"Kerala","Rainy",2048,10922.65
"Kerala","Rainy",2049,11215.8
"Kerala","Rainy",2050,11509
"Madhya_Pradesh","Rainy",2017,9411.675
"Madhya_Pradesh","Rainy",2018,10227.975
"Madhya_Pradesh","Rainy",2019,11015
"Madhya_Pradesh","Rainy",2020,11801
"Madhya_Pradesh","Rainy",2021,12497.925
"Madhya_Pradesh","Rainy",2022,11531.925
"Madhya_Pradesh","Rainy",2023,12816.925
"Madhya_Pradesh","Rainy",2024,13524.275
"Madhya_Pradesh","Rainy",2025,14368.925
"Madhya_Pradesh","Rainy",2026,15273.925
"Madhya_Pradesh","Rainy",2027,16532.125
"Madhya_Pradesh","Rainy",2028,17547.65
"Madhya_Pradesh","Rainy",2029,18594.65
"Madhya_Pradesh","Rainy",2030,19835.25
"Madhya_Pradesh","Rainy",2031,20645.25
"Madhya_Pradesh","Rainy",2032,21393.875
"Madhya_Pradesh","Rainy",2033,22528.475
"Madhya_Pradesh","Rainy",2034,23663.15
"Madhya_Pradesh","Rainy",2035,24797.825
"Madhya_Pradesh","Rainy",2036,25932.475
"Madhya_Pradesh","Rainy",2037,27067.15
"Madhya_Pradesh","Rainy",2038,28366.375
"Madhya_Pradesh","Rainy",2039,29665.65
"Madhya_Pradesh","Rainy",2040,30964.875
"Madhya_Pradesh","Rainy",2041,32264.125
"Madhya_Pradesh","Rainy",2042,33563.325
"Madhya_Pradesh","Rainy",2043,34862.45
"Madhya_Pradesh","Rainy",2044,36161.825
"Madhya_Pradesh","Rainy",2045,37460.975
"Madhya_Pradesh","Rainy",2046,38760.2
"Madhya_Pradesh","Rainy",2047,40059.45
"Madhya_Pradesh","Rainy",2048,41358.725
"Madhya_Pradesh","Rainy",2049,42657.825
"Madhya_Pradesh","Rainy",2050,43957.05
"Maharashtra","Rainy",2017,20149.325
"Maharashtra","Rainy",2018,21257.675
"Maharashtra","Rainy",2019,22468.75
"Maharashtra","Rainy",2020,23625.325
"Maharashtra","Rainy",2021,24860.9
"Maharashtra","Rainy",2022,22423.025
"Maharashtra","Rainy",2023,23809.3
"Maharashtra","Rainy",2024,24807.35
"Maharashtra","Rainy",2025,25910.275
"Maharashtra","Rainy",2026,27141.225
"Maharashtra","Rainy",2027,28438.85
"Maharashtra","Rainy",2028,29672
"Maharashtra","Rainy",2029,30929.875
"Maharashtra","Rainy",2030,32520.2
"Maharashtra","Rainy",2031,33400.9
"Maharashtra","Rainy",2032,34189.425
"Maharashtra","Rainy",2033,35476.85
"Maharashtra","Rainy",2034,36764.45
"Maharashtra","Rainy",2035,38051.825
"Maharashtra","Rainy",2036,39339.375
"Maharashtra","Rainy",2037,40626.775
"Maharashtra","Rainy",2038,42051.6
"Maharashtra","Rainy",2039,43476.45
"Maharashtra","Rainy",2040,44901.4
"Maharashtra","Rainy",2041,46326.275
"Maharashtra","Rainy",2042,47751.125
"Maharashtra","Rainy",2043,49176.05
"Maharashtra","Rainy",2044,50601
"Maharashtra","Rainy",2045,52025.75
"Maharashtra","Rainy",2046,53450.65
"Maharashtra","Rainy",2047,54875.575
"Maharashtra","Rainy",2048,56300.475
"Maharashtra","Rainy",2049,57725.25
"Maharashtra","Rainy",2050,59150.225
"Manipur","Rainy",2017,254.05
"Manipur","Rainy",2018,285.9
"Manipur","Rainy",2019,318.35
"Manipur","Rainy",2020,347.625
"Manipur","Rainy",2021,381.075
"Manipur","Rainy",2022,207.7
"Manipur","Rainy",2023,220.1
"Manipur","Rainy",2024,232.475
"Manipur","Rainy",2025,246.05
"Manipur","Rainy",2026,260.05
"Manipur","Rainy",2027,274.975
"Manipur","Rainy",2028,290.35
"Manipur","Rainy",2029,306.625
"Manipur","Rainy",2030,323.8
"Manipur","Rainy",2031,342.125
"Manipur","Rainy",2032,360.15
"Manipur","Rainy",2033,381.075
"Manipur","Rainy",2034,401.95
"Manipur","Rainy",2035,422.775
"Manipur","Rainy",2036,443.8
"Manipur","Rainy",2037,464.4
"Manipur","Rainy",2038,489.675
"Manipur","Rainy",2039,515.1
"Manipur","Rainy",2040,539.95
"Manipur","Rainy",2041,565.125
"Manipur","Rainy",2042,590.15
"Manipur","Rainy",2043,615.375
"Manipur","Rainy",2044,640.2
"Manipur","Rainy",2045,665.575
"Manipur","Rainy",2046,690.7
"Manipur","Rainy",2047,715.8
"Manipur","Rainy",2048,741.025
"Manipur","Rainy",2049,766.15
"Manipur","Rainy",2050,791.225
"Meghalaya","Rainy",2017,336
"Meghalaya","Rainy",2018,347.45
"Meghalaya","Rainy",2019,368.425
"Meghalaya","Rainy",2020,382.5
"Meghalaya","Rainy",2021,397.225
"Meghalaya","Rainy",2022,343.625
"Meghalaya","Rainy",2023,356.85
"Meghalaya","Rainy",2024,370.425
"Meghalaya","Rainy",2025,384
"Meghalaya","Rainy",2026,398.125
"Meghalaya","Rainy",2027,412.5
"Meghalaya","Rainy",2028,427.025
"Meghalaya","Rainy",2029,441.675
"Meghalaya","Rainy",2030,456.35
"Meghalaya","Rainy",2031,467.975
"Meghalaya","Rainy",2032,478.825
"Meghalaya","Rainy",2033,493.9
"Meghalaya","Rainy",2034,508.975
"Meghalaya","Rainy",2035,524.15
"Meghalaya","Rainy",2036,539.2
"Meghalaya","Rainy",2037,554.025
"Meghalaya","Rainy",2038,571.175
"Meghalaya","Rainy",2039,588.3
"Meghalaya","Rainy",2040,605.275
"Meghalaya","Rainy",2041,622.4
"Meghalaya","Rainy",2042,639.4
"Meghalaya","Rainy",2043,656.275
"Meghalaya","Rainy",2044,673.45
"Meghalaya","Rainy",2045,690.425
"Meghalaya","Rainy",2046,707.525
"Meghalaya","Rainy",2047,724.7
"Meghalaya","Rainy",2048,741.7
"Meghalaya","Rainy",2049,758.75
"Meghalaya","Rainy",2050,775.65
"Mizoram","Rainy",2017,113.225
"Mizoram","Rainy",2018,122.3
"Mizoram","Rainy",2019,132.45
"Mizoram","Rainy",2020,142.65
"Mizoram","Rainy",2021,154.65
"Mizoram","Rainy",2022,144.65
"Mizoram","Rainy",2023,157.65
"Mizoram","Rainy",2024,171.35
"Mizoram","Rainy",2025,186
"Mizoram","Rainy",2026,201.625
"Mizoram","Rainy",2027,217.9
"Mizoram","Rainy",2028,235.65
"Mizoram","Rainy",2029,253.875
"Mizoram","Rainy",2030,273.55
"Mizoram","Rainy",2031,293.225
"Mizoram","Rainy",2032,314.375
"Mizoram","Rainy",2033,340.2
"Mizoram","Rainy",2034,365.95
"Mizoram","Rainy",2035,391.7
"Mizoram","Rainy",2036,417.525
"Mizoram","Rainy",2037,442.95
"Mizoram","Rainy",2038,476.7
"Mizoram","Rainy",2039,510.075
"Mizoram","Rainy",2040,543.475
"Mizoram","Rainy",2041,577.25
"Mizoram","Rainy",2042,610.6
"Mizoram","Rainy",2043,644.025
"Mizoram","Rainy",2044,677.9
"Mizoram","Rainy",2045,710.825
"Mizoram","Rainy",2046,744.25
"Mizoram","Rainy",2047,777.6
"Mizoram","Rainy",2048,811.375
"Mizoram","Rainy",2049,844.775
"Mizoram","Rainy",2050,878.15
"Nagaland","Rainy",2017,134.25
"Nagaland","Rainy",2018,144.125
"Nagaland","Rainy",2019,154.075
"Nagaland","Rainy",2020,164.65
"Nagaland","Rainy",2021,175.925
"Nagaland","Rainy",2022,127.1
"Nagaland","Rainy",2023,133.45
"Nagaland","Rainy",2024,139.875
"Nagaland","Rainy",2025,146.475
"Nagaland","Rainy",2026,153.05
"Nagaland","Rainy",2027,159.625
"Nagaland","Rainy",2028,166.7
"Nagaland","Rainy",2029,173.925
"Nagaland","Rainy",2030,181
"Nagaland","Rainy",2031,187.275
"Nagaland","Rainy",2032,191.325
"Nagaland","Rainy",2033,198.725
"Nagaland","Rainy",2034,206.175
"Nagaland","Rainy",2035,213.525
"Nagaland","Rainy",2036,221.125
"Nagaland","Rainy",2037,228.425
"Nagaland","Rainy",2038,237
"Nagaland","Rainy",2039,245.475
"Nagaland","Rainy",2040,254.125
"Nagaland","Rainy",2041,262.725
"Nagaland","Rainy",2042,271
"Nagaland","Rainy",2043,279.8
"Nagaland","Rainy",2044,288.375
"Nagaland","Rainy",2045,296.875
"Nagaland","Rainy",2046,305.4
"Nagaland","Rainy",2047,313.725
"Nagaland","Rainy",2048,322.575
"Nagaland","Rainy",2049,331.05
"Nagaland","Rainy",2050,339.6
"Odisha","Rainy",2017,3994
"Odisha","Rainy",2018,4218.275
"Odisha","Rainy",2019,4390.5
"Odisha","Rainy",2020,4531.85
"Odisha","Rainy",2021,4674.175
"Odisha","Rainy",2022,5041.975
"Odisha","Rainy",2023,5772.95
"Odisha","Rainy",2024,5891.7
"Odisha","Rainy",2025,6132.4
"Odisha","Rainy",2026,6417.65
"Odisha","Rainy",2027,6740.75
"Odisha","Rainy",2028,7102.45
"Odisha","Rainy",2029,7496.55
"Odisha","Rainy",2030,8005.5
"Odisha","Rainy",2031,8298.75
"Odisha","Rainy",2032,8571
"Odisha","Rainy",2033,9000.675
"Odisha","Rainy",2034,9430.35
"Odisha","Rainy",2035,9860.275
"Odisha","Rainy",2036,10290.025
"Odisha","Rainy",2037,10719.825
"Odisha","Rainy",2038,11217.025
"Odisha","Rainy",2039,11714.3
"Odisha","Rainy",2040,12211.6
"Odisha","Rainy",2041,12708.8
"Odisha","Rainy",2042,13206
"Odisha","Rainy",2043,13703.35
"Odisha","Rainy",2044,14200.6
"Odisha","Rainy",2045,14697.975
"Odisha","Rainy",2046,15195.125
"Odisha","Rainy",2047,15692.35
"Odisha","Rainy",2048,16189.65
"Odisha","Rainy",2049,16687
"Odisha","Rainy",2050,17184.175
"Puducherry","Rainy",2017,427.475
"Puducherry","Rainy",2018,445.6
"Puducherry","Rainy",2019,463.85
"Puducherry","Rainy",2020,482.4
"Puducherry","Rainy",2021,501.625
"Puducherry","Rainy",2022,401.725
"Puducherry","Rainy",2023,423.425
"Puducherry","Rainy",2024,435.7
"Puducherry","Rainy",2025,449.275
"Puducherry","Rainy",2026,462.95
"Puducherry","Rainy",2027,477.675
"Puducherry","Rainy",2028,491.825
"Puducherry","Rainy",2029,507.05
"Puducherry","Rainy",2030,525.175
"Puducherry","Rainy",2031,538.075
"Puducherry","Rainy",2032,548.8
"Puducherry","Rainy",2033,564.525
"Puducherry","Rainy",2034,580.175
"Puducherry","Rainy",2035,595.925
"Puducherry","Rainy",2036,611.55
"Puducherry","Rainy",2037,627.55
"Puducherry","Rainy",2038,644.55
"Puducherry","Rainy",2039,661.625
"Puducherry","Rainy",2040,678.65
"Puducherry","Rainy",2041,695.775
"Puducherry","Rainy",2042,712.875
"Puducherry","Rainy",2043,729.925
"Puducherry","Rainy",2044,747.075
"Puducherry","Rainy",2045,764.275
"Puducherry","Rainy",2046,781.425
"Puducherry","Rainy",2047,798.5
"Puducherry","Rainy",2048,815.675
"Puducherry","Rainy",2049,832.675
"Puducherry","Rainy",2050,849.825
"Punjab","Rainy",2017,11234.925
"Punjab","Rainy",2018,11875.75
"Punjab","Rainy",2019,12535.95
"Punjab","Rainy",2020,13213.975
"Punjab","Rainy",2021,13910.225
"Punjab","Rainy",2022,12326.7
"Punjab","Rainy",2023,13031.25
"Punjab","Rainy",2024,13598.9
"Punjab","Rainy",2025,14275.325
"Punjab","Rainy",2026,14999.25
"Punjab","Rainy",2027,15776.8
"Punjab","Rainy",2028,16584.45
"Punjab","Rainy",2029,17433.3
"Punjab","Rainy",2030,18475.775
"Punjab","Rainy",2031,19122.15
"Punjab","Rainy",2032,19772.2
"Punjab","Rainy",2033,20562.55
"Punjab","Rainy",2034,21353
"Punjab","Rainy",2035,22143.325
"Punjab","Rainy",2036,22933.725
"Punjab","Rainy",2037,23724.125
"Punjab","Rainy",2038,24625.5
"Punjab","Rainy",2039,25526.9
"Punjab","Rainy",2040,26428.3
"Punjab","Rainy",2041,27329.675
"Punjab","Rainy",2042,28231.025
"Punjab","Rainy",2043,29132.375
"Punjab","Rainy",2044,30033.725
"Punjab","Rainy",2045,30935.15
"Punjab","Rainy",2046,31836.5
"Punjab","Rainy",2047,32737.975
"Punjab","Rainy",2048,33639.25
"Punjab","Rainy",2049,34540.675
"Punjab","Rainy",2050,35442.05
"Rajasthan","Rainy",2017,10011.55
"Rajasthan","Rainy",2018,10396.4
"Rajasthan","Rainy",2019,10882.3
"Rajasthan","Rainy",2020,11395.625
"Rajasthan","Rainy",2021,11946.275
"Rajasthan","Rainy",2022,12322.775
"Rajasthan","Rainy",2023,13391.95
"Rajasthan","Rainy",2024,14759.4
"Rajasthan","Rainy",2025,15641.875
"Rajasthan","Rainy",2026,16542.15
"Rajasthan","Rainy",2027,17504.575
"Rajasthan","Rainy",2028,18501.425
"Rajasthan","Rainy",2029,19540.625
"Rajasthan","Rainy",2030,20771.575
"Rajasthan","Rainy",2031,21617.675
"Rajasthan","Rainy",2032,22452.35
"Rajasthan","Rainy",2033,23571.55
"Rajasthan","Rainy",2034,24690.7
"Rajasthan","Rainy",2035,25810
"Rajasthan","Rainy",2036,26929.125
"Rajasthan","Rainy",2037,28048.35
"Rajasthan","Rainy",2038,29283.85
"Rajasthan","Rainy",2039,30519.25
"Rajasthan","Rainy",2040,31754.55
"Rajasthan","Rainy",2041,32990.025
"Rajasthan","Rainy",2042,34225.5
"Rajasthan","Rainy",2043,35460.775
"Rajasthan","Rainy",2044,36696.325
"Rajasthan","Rainy",2045,37931.575
"Rajasthan","Rainy",2046,39167.075
"Rajasthan","Rainy",2047,40402.45
"Rajasthan","Rainy",2048,41637.85
"Rajasthan","Rainy",2049,42873.2
"Rajasthan","Rainy",2050,44108.575
"Sikkim","Rainy",2017,93.925
"Sikkim","Rainy",2018,98.925
"Sikkim","Rainy",2019,104.275
"Sikkim","Rainy",2020,109.675
"Sikkim","Rainy",2021,115.225
"Sikkim","Rainy",2022,103.8
"Sikkim","Rainy",2023,109.675
"Sikkim","Rainy",2024,116.225
"Sikkim","Rainy",2025,123.225
"Sikkim","Rainy",2026,130.55
"Sikkim","Rainy",2027,138.25
"Sikkim","Rainy",2028,146.525
"Sikkim","Rainy",2029,155.325
"Sikkim","Rainy",2030,164.5
"Sikkim","Rainy",2031,174.55
"Sikkim","Rainy",2032,185.025
"Sikkim","Rainy",2033,197.45
"Sikkim","Rainy",2034,209.775
"Sikkim","Rainy",2035,222.325
"Sikkim","Rainy",2036,234.775
"Sikkim","Rainy",2037,247.25
"Sikkim","Rainy",2038,263.425
"Sikkim","Rainy",2039,279.925
"Sikkim","Rainy",2040,296.325
"Sikkim","Rainy",2041,312.825
"Sikkim","Rainy",2042,329
"Sikkim","Rainy",2043,345.75
"Sikkim","Rainy",2044,362.1
"Sikkim","Rainy",2045,378.6
"Sikkim","Rainy",2046,394.925
"Sikkim","Rainy",2047,411.75
"Sikkim","Rainy",2048,427.85
"Sikkim","Rainy",2049,444.325
"Sikkim","Rainy",2050,460.8
"Tamil_Nadu","Rainy",2017,15584.825
"Tamil_Nadu","Rainy",2018,16471.275
"Tamil_Nadu","Rainy",2019,17406.9
"Tamil_Nadu","Rainy",2020,18384.125
"Tamil_Nadu","Rainy",2021,19366.575
"Tamil_Nadu","Rainy",2022,16109.925
"Tamil_Nadu","Rainy",2023,16574.475
"Tamil_Nadu","Rainy",2024,17503.7
"Tamil_Nadu","Rainy",2025,18530.15
"Tamil_Nadu","Rainy",2026,19609.025
"Tamil_Nadu","Rainy",2027,20743.925
"Tamil_Nadu","Rainy",2028,21925.375
"Tamil_Nadu","Rainy",2029,23163.825
"Tamil_Nadu","Rainy",2030,24581.5
"Tamil_Nadu","Rainy",2031,25789.925
"Tamil_Nadu","Rainy",2032,26987.75
"Tamil_Nadu","Rainy",2033,28263.85
"Tamil_Nadu","Rainy",2034,29540.25
"Tamil_Nadu","Rainy",2035,30816.475
"Tamil_Nadu","Rainy",2036,32092.825
"Tamil_Nadu","Rainy",2037,33369.175
"Tamil_Nadu","Rainy",2038,34614.325
"Tamil_Nadu","Rainy",2039,35859.45
"Tamil_Nadu","Rainy",2040,37104.675
"Tamil_Nadu","Rainy",2041,38349.9
"Tamil_Nadu","Rainy",2042,39595.025
"Tamil_Nadu","Rainy",2043,40840.325
"Tamil_Nadu","Rainy",2044,42085.4
"Tamil_Nadu","Rainy",2045,43330.65
"Tamil_Nadu","Rainy",2046,44575.95
"Tamil_Nadu","Rainy",2047,45821.075
"Tamil_Nadu","Rainy",2048,47066.275
"Tamil_Nadu","Rainy",2049,48311.425
"Tamil_Nadu","Rainy",2050,49556.7
"Telangana","Rainy",2017,7999.125
"Telangana","Rainy",2018,8925.775
"Telangana","Rainy",2019,9990.2
"Telangana","Rainy",2020,10767.075
"Telangana","Rainy",2021,11316.85
"Telangana","Rainy",2022,10247.55
"Telangana","Rainy",2023,10594.25
"Telangana","Rainy",2024,11282.7
"Telangana","Rainy",2025,12058.1
"Telangana","Rainy",2026,12886.475
"Telangana","Rainy",2027,13795.35
"Telangana","Rainy",2028,14726.35
"Telangana","Rainy",2029,15701.375
"Telangana","Rainy",2030,16808.75
"Telangana","Rainy",2031,17684.4
"Telangana","Rainy",2032,18544.525
"Telangana","Rainy",2033,19714.7
"Telangana","Rainy",2034,20884.9
"Telangana","Rainy",2035,22055.025
"Telangana","Rainy",2036,23225.15
"Telangana","Rainy",2037,24395.35
"Telangana","Rainy",2038,25804.775
"Telangana","Rainy",2039,27214.3
"Telangana","Rainy",2040,28623.85
"Telangana","Rainy",2041,30033.375
"Telangana","Rainy",2042,31442.875
"Telangana","Rainy",2043,32852.375
"Telangana","Rainy",2044,34261.9
"Telangana","Rainy",2045,35671.35
"Telangana","Rainy",2046,37080.775
"Telangana","Rainy",2047,38490.4
"Telangana","Rainy",2048,39899.9
"Telangana","Rainy",2049,41309.45
"Telangana","Rainy",2050,42718.825
"Tripura","Rainy",2017,279.825
"Tripura","Rainy",2018,295.65
"Tripura","Rainy",2019,311.5
"Tripura","Rainy",2020,328.975
"Tripura","Rainy",2021,346.625
"Tripura","Rainy",2022,294.975
"Tripura","Rainy",2023,318.45
"Tripura","Rainy",2024,375.85
"Tripura","Rainy",2025,402.725
"Tripura","Rainy",2026,430.425
"Tripura","Rainy",2027,471.425
"Tripura","Rainy",2028,502.5
"Tripura","Rainy",2029,535.25
"Tripura","Rainy",2030,569.725
"Tripura","Rainy",2031,605.8
"Tripura","Rainy",2032,643.35
"Tripura","Rainy",2033,681.45
"Tripura","Rainy",2034,719.6
"Tripura","Rainy",2035,757.7
"Tripura","Rainy",2036,795.925
"Tripura","Rainy",2037,833.85
"Tripura","Rainy",2038,873.75
"Tripura","Rainy",2039,913.525
"Tripura","Rainy",2040,953.3
"Tripura","Rainy",2041,993.3
"Tripura","Rainy",2042,1033.05
"Tripura","Rainy",2043,1072.925
"Tripura","Rainy",2044,1112.775
"Tripura","Rainy",2045,1152.625
"Tripura","Rainy",2046,1192.4
"Tripura","Rainy",2047,1232.25
"Tripura","Rainy",2048,1272.075
"Tripura","Rainy",2049,1311.875
"Tripura","Rainy",2050,1351.675
"UP_Agra","Rainy",2017,3428.9
"UP_Agra","Rainy",2018,3680.4
"UP_Agra","Rainy",2019,3940.575
"UP_Agra","Rainy",2020,4214.825
"UP_Agra","Rainy",2021,4502.675
"UP_Agra","Rainy",2022,4076.2
"UP_Agra","Rainy",2023,4430.825
"UP_Agra","Rainy",2024,4659.6
"UP_Agra","Rainy",2025,4922.025
"UP_Agra","Rainy",2026,5202.425
"UP_Agra","Rainy",2027,5503.15
"UP_Agra","Rainy",2028,5817.725
"UP_Agra","Rainy",2029,6149.05
"UP_Agra","Rainy",2030,6532.025
"UP_Agra","Rainy",2031,6850.325
"UP_Agra","Rainy",2032,7171.575
"UP_Agra","Rainy",2033,7478.1
"UP_Agra","Rainy",2034,7784.65
"UP_Agra","Rainy",2035,8091.2
"UP_Agra","Rainy",2036,8397.775
"UP_Agra","Rainy",2037,8704.35
"UP_Agra","Rainy",2038,9004.75
"UP_Agra","Rainy",2039,9305.175
"UP_Agra","Rainy",2040,9605.55
"UP_Agra","Rainy",2041,9906
"UP_Agra","Rainy",2042,10206.375
"UP_Agra","Rainy",2043,10506.775
"UP_Agra","Rainy",2044,10807.25
"UP_Agra","Rainy",2045,11107.675
"UP_Agra","Rainy",2046,11408.1
"UP_Agra","Rainy",2047,11708.5
"UP_Agra","Rainy",2048,12008.8
"UP_Agra","Rainy",2049,12309.275
"UP_Agra","Rainy",2050,12609.6
"UP_Kanpur","Rainy",2017,458.4
"UP_Kanpur","Rainy",2018,490.4
"UP_Kanpur","Rainy",2019,523.5
"UP_Kanpur","Rainy",2020,558.025
"UP_Kanpur","Rainy",2021,594.175
"UP_Kanpur","Rainy",2022,495.996376811594
"UP_Kanpur","Rainy",2023,569.880434782609
"UP_Kanpur","Rainy",2024,589.190217391304
"UP_Kanpur","Rainy",2025,608.947463768116
"UP_Kanpur","Rainy",2026,629.170289855072
"UP_Kanpur","Rainy",2027,649.844202898551
"UP_Kanpur","Rainy",2028,671.039855072464
"UP_Kanpur","Rainy",2029,692.726449275362
"UP_Kanpur","Rainy",2030,714.884057971014
"UP_Kanpur","Rainy",2031,737.130434782609
"UP_Kanpur","Rainy",2032,759.759057971014
"UP_Kanpur","Rainy",2033,775.143115942029
"UP_Kanpur","Rainy",2034,790.510869565217
"UP_Kanpur","Rainy",2035,806.975
"UP_Kanpur","Rainy",2036,835.675
"UP_Kanpur","Rainy",2037,864.225
"UP_Kanpur","Rainy",2038,867.85
"UP_Kanpur","Rainy",2039,871.525
"UP_Kanpur","Rainy",2040,874.95
"UP_Kanpur","Rainy",2041,878.6
"UP_Kanpur","Rainy",2042,882.275
"UP_Kanpur","Rainy",2043,885.775
"UP_Kanpur","Rainy",2044,889.4
"UP_Kanpur","Rainy",2045,893
"UP_Kanpur","Rainy",2046,896.625
"UP_Kanpur","Rainy",2047,900.2
"UP_Kanpur","Rainy",2048,903.85
"UP_Kanpur","Rainy",2049,907.4
"UP_Kanpur","Rainy",2050,911
"UP_Lucknow","Rainy",2017,3170.475
"UP_Lucknow","Rainy",2018,3403.125
"UP_Lucknow","Rainy",2019,3643.85
"UP_Lucknow","Rainy",2020,3897.4
"UP_Lucknow","Rainy",2021,4163.6
"UP_Lucknow","Rainy",2022,3770.075
"UP_Lucknow","Rainy",2023,4284.625
"UP_Lucknow","Rainy",2024,4559.8
"UP_Lucknow","Rainy",2025,4862.1
"UP_Lucknow","Rainy",2026,5184.25
"UP_Lucknow","Rainy",2027,5528.925
"UP_Lucknow","Rainy",2028,5892.775
"UP_Lucknow","Rainy",2029,6279.55
"UP_Lucknow","Rainy",2030,6710.35
"UP_Lucknow","Rainy",2031,7125.275
"UP_Lucknow","Rainy",2032,7548
"UP_Lucknow","Rainy",2033,7996.425
"UP_Lucknow","Rainy",2034,8444.825
"UP_Lucknow","Rainy",2035,8893.15
"UP_Lucknow","Rainy",2036,9341.575
"UP_Lucknow","Rainy",2037,9789.875
"UP_Lucknow","Rainy",2038,10263.3
"UP_Lucknow","Rainy",2039,10736.7
"UP_Lucknow","Rainy",2040,11210
"UP_Lucknow","Rainy",2041,11683.45
"UP_Lucknow","Rainy",2042,12156.75
"UP_Lucknow","Rainy",2043,12630.2
"UP_Lucknow","Rainy",2044,13103.575
"UP_Lucknow","Rainy",2045,13576.925
"UP_Lucknow","Rainy",2046,14050.325
"UP_Lucknow","Rainy",2047,14523.75
"UP_Lucknow","Rainy",2048,14997.1
"UP_Lucknow","Rainy",2049,15470.5
"UP_Lucknow","Rainy",2050,15943.85
"UP_Meerut","Rainy",2017,4489.375
"UP_Meerut","Rainy",2018,4818.625
"UP_Meerut","Rainy",2019,5159.5
"UP_Meerut","Rainy",2020,5518.525
"UP_Meerut","Rainy",2021,5895.625
"UP_Meerut","Rainy",2022,5341.625
"UP_Meerut","Rainy",2023,6195.425
"UP_Meerut","Rainy",2024,6548.975
"UP_Meerut","Rainy",2025,6961.575
"UP_Meerut","Rainy",2026,7405.65
"UP_Meerut","Rainy",2027,7881.425
"UP_Meerut","Rainy",2028,8383.075
"UP_Meerut","Rainy",2029,8912.875
"UP_Meerut","Rainy",2030,9534.875
"UP_Meerut","Rainy",2031,10000.8
"UP_Meerut","Rainy",2032,10473.25
"UP_Meerut","Rainy",2033,11117.375
"UP_Meerut","Rainy",2034,11761.475
"UP_Meerut","Rainy",2035,12405.45
"UP_Meerut","Rainy",2036,13049.65
"UP_Meerut","Rainy",2037,13693.75
"UP_Meerut","Rainy",2038,14327.725
"UP_Meerut","Rainy",2039,14961.75
"UP_Meerut","Rainy",2040,15595.65
"UP_Meerut","Rainy",2041,16229.65
"UP_Meerut","Rainy",2042,16863.525
"UP_Meerut","Rainy",2043,17497.425
"UP_Meerut","Rainy",2044,18131.475
"UP_Meerut","Rainy",2045,18765.325
"UP_Meerut","Rainy",2046,19399.275
"UP_Meerut","Rainy",2047,20033.2
"UP_Meerut","Rainy",2048,20667.15
"UP_Meerut","Rainy",2049,21301.125
"UP_Meerut","Rainy",2050,21935.05
"UP_Varanasi","Rainy",2017,3640.75
"UP_Varanasi","Rainy",2018,3895
"UP_Varanasi","Rainy",2019,4156.7
"UP_Varanasi","Rainy",2020,4430.675
"UP_Varanasi","Rainy",2021,4716.85
"UP_Varanasi","Rainy",2022,4099.81884057971
"UP_Varanasi","Rainy",2023,4678.26086956522
"UP_Varanasi","Rainy",2024,4932.1902173913
"UP_Varanasi","Rainy",2025,5207.52898550725
"UP_Varanasi","Rainy",2026,5497.63949275362
"UP_Varanasi","Rainy",2027,5805.13949275362
"UP_Varanasi","Rainy",2028,6126.84963768116
"UP_Varanasi","Rainy",2029,6466.59601449275
"UP_Varanasi","Rainy",2030,6845.23913043478
"UP_Varanasi","Rainy",2031,7195.60326086957
"UP_Varanasi","Rainy",2032,7542.89311594203
"UP_Varanasi","Rainy",2033,7910.31702898551
"UP_Varanasi","Rainy",2034,8277.72644927536
"UP_Varanasi","Rainy",2035,8645.14492753623
"UP_Varanasi","Rainy",2036,9057.35
"UP_Varanasi","Rainy",2037,9577.125
"UP_Varanasi","Rainy",2038,9944.125
"UP_Varanasi","Rainy",2039,10311.05
"UP_Varanasi","Rainy",2040,10678.025
"UP_Varanasi","Rainy",2041,11044.975
"UP_Varanasi","Rainy",2042,11411.85
"UP_Varanasi","Rainy",2043,11778.825
"UP_Varanasi","Rainy",2044,12145.8
"UP_Varanasi","Rainy",2045,12512.675
"UP_Varanasi","Rainy",2046,12879.7
"UP_Varanasi","Rainy",2047,13246.575
"UP_Varanasi","Rainy",2048,13613.675
"UP_Varanasi","Rainy",2049,13980.55
"UP_Varanasi","Rainy",2050,14347.55
"Uttarakhand","Rainy",2017,1611.45
"Uttarakhand","Rainy",2018,1738.95
"Uttarakhand","Rainy",2019,1868.725
"Uttarakhand","Rainy",2020,2004.575
"Uttarakhand","Rainy",2021,2147.25
"Uttarakhand","Rainy",2022,1699.725
"Uttarakhand","Rainy",2023,1785.05
"Uttarakhand","Rainy",2024,1878.1
"Uttarakhand","Rainy",2025,1985.125
"Uttarakhand","Rainy",2026,2097.05
"Uttarakhand","Rainy",2027,2214.525
"Uttarakhand","Rainy",2028,2337.1
"Uttarakhand","Rainy",2029,2463.8
"Uttarakhand","Rainy",2030,2612.5
"Uttarakhand","Rainy",2031,2715.6
"Uttarakhand","Rainy",2032,2817.8
"Uttarakhand","Rainy",2033,2951.15
"Uttarakhand","Rainy",2034,3084.575
"Uttarakhand","Rainy",2035,3217.95
"Uttarakhand","Rainy",2036,3351.375
"Uttarakhand","Rainy",2037,3484.75
"Uttarakhand","Rainy",2038,3628.05
"Uttarakhand","Rainy",2039,3771.425
"Uttarakhand","Rainy",2040,3914.725
"Uttarakhand","Rainy",2041,4057.95
"Uttarakhand","Rainy",2042,4201.475
"Uttarakhand","Rainy",2043,4344.85
"Uttarakhand","Rainy",2044,4488.225
"Uttarakhand","Rainy",2045,4631.55
"Uttarakhand","Rainy",2046,4774.925
"Uttarakhand","Rainy",2047,4918.325
"Uttarakhand","Rainy",2048,5061.6
"Uttarakhand","Rainy",2049,5205.05
"Uttarakhand","Rainy",2050,5348.3
"West_Bengal","Rainy",2017,10385.625
"West_Bengal","Rainy",2018,10817.325
"West_Bengal","Rainy",2019,11256.125
"West_Bengal","Rainy",2020,11704.875
"West_Bengal","Rainy",2021,12182.025
"West_Bengal","Rainy",2022,8739.025
"West_Bengal","Rainy",2023,9757.6
"West_Bengal","Rainy",2024,10311.35
"West_Bengal","Rainy",2025,10954.45
"West_Bengal","Rainy",2026,11654.3
"West_Bengal","Rainy",2027,12392.625
"West_Bengal","Rainy",2028,13177.95
"West_Bengal","Rainy",2029,13968
"West_Bengal","Rainy",2030,14907.2
"West_Bengal","Rainy",2031,15538.575
"West_Bengal","Rainy",2032,16172.925
"West_Bengal","Rainy",2033,17050.725
"West_Bengal","Rainy",2034,17928.775
"West_Bengal","Rainy",2035,18806.55
"West_Bengal","Rainy",2036,19684.375
"West_Bengal","Rainy",2037,20562.3
"West_Bengal","Rainy",2038,21556.175
"West_Bengal","Rainy",2039,22550.225
"West_Bengal","Rainy",2040,23544.125
"West_Bengal","Rainy",2041,24537.95
"West_Bengal","Rainy",2042,25531.85
"West_Bengal","Rainy",2043,26525.75
"West_Bengal","Rainy",2044,27519.6
"West_Bengal","Rainy",2045,28513.425
"West_Bengal","Rainy",2046,29507.425
"West_Bengal","Rainy",2047,30501.325
"West_Bengal","Rainy",2048,31495.2
"West_Bengal","Rainy",2049,32489
"West_Bengal","Rainy",2050,33482.9
"Andhra_Pradesh","Autumn",2017,7425.15
"Andhra_Pradesh","Autumn",2018,7985.775
"Andhra_Pradesh","Autumn",2019,8584.225
"Andhra_Pradesh","Autumn",2020,9221.95
"Andhra_Pradesh","Autumn",2021,9909.725
"Andhra_Pradesh","Autumn",2022,9804.5
"Andhra_Pradesh","Autumn",2023,10436.475
"Andhra_Pradesh","Autumn",2024,11154.875
"Andhra_Pradesh","Autumn",2025,12002.275
"Andhra_Pradesh","Autumn",2026,12922.05
"Andhra_Pradesh","Autumn",2027,13926.3
"Andhra_Pradesh","Autumn",2028,14976.45
"Andhra_Pradesh","Autumn",2029,16082.05
"Andhra_Pradesh","Autumn",2030,17383.775
"Andhra_Pradesh","Autumn",2031,18309.5
"Andhra_Pradesh","Autumn",2032,19230.575
"Andhra_Pradesh","Autumn",2033,20286.175
"Andhra_Pradesh","Autumn",2034,21341.725
"Andhra_Pradesh","Autumn",2035,22397.4
"Andhra_Pradesh","Autumn",2036,23453.125
"Andhra_Pradesh","Autumn",2037,24508.775
"Andhra_Pradesh","Autumn",2038,25522.8
"Andhra_Pradesh","Autumn",2039,26536.8
"Andhra_Pradesh","Autumn",2040,27550.9
"Andhra_Pradesh","Autumn",2041,28564.85
"Andhra_Pradesh","Autumn",2042,29578.925
"Andhra_Pradesh","Autumn",2043,30593.025
"Andhra_Pradesh","Autumn",2044,31607
"Andhra_Pradesh","Autumn",2045,32621.025
"Andhra_Pradesh","Autumn",2046,33634.975
"Andhra_Pradesh","Autumn",2047,34649.225
"Andhra_Pradesh","Autumn",2048,35663.175
"Andhra_Pradesh","Autumn",2049,36677.175
"Andhra_Pradesh","Autumn",2050,37691.2
"Arunachal_Pradesh","Autumn",2017,154.825
"Arunachal_Pradesh","Autumn",2018,171.725
"Arunachal_Pradesh","Autumn",2019,190.625
"Arunachal_Pradesh","Autumn",2020,211.925
"Arunachal_Pradesh","Autumn",2021,236.15
"Arunachal_Pradesh","Autumn",2022,140.475
"Arunachal_Pradesh","Autumn",2023,147.6
"Arunachal_Pradesh","Autumn",2024,155.5
"Arunachal_Pradesh","Autumn",2025,163.85
"Arunachal_Pradesh","Autumn",2026,172.175
"Arunachal_Pradesh","Autumn",2027,181.2
"Arunachal_Pradesh","Autumn",2028,189.8
"Arunachal_Pradesh","Autumn",2029,199.325
"Arunachal_Pradesh","Autumn",2030,209.625
"Arunachal_Pradesh","Autumn",2031,219.15
"Arunachal_Pradesh","Autumn",2032,227.525
"Arunachal_Pradesh","Autumn",2033,238.25
"Arunachal_Pradesh","Autumn",2034,249.2
"Arunachal_Pradesh","Autumn",2035,260.1
"Arunachal_Pradesh","Autumn",2036,270.85
"Arunachal_Pradesh","Autumn",2037,281.75
"Arunachal_Pradesh","Autumn",2038,294.075
"Arunachal_Pradesh","Autumn",2039,306.65
"Arunachal_Pradesh","Autumn",2040,319
"Arunachal_Pradesh","Autumn",2041,331.475
"Arunachal_Pradesh","Autumn",2042,344.1
"Arunachal_Pradesh","Autumn",2043,356.625
"Arunachal_Pradesh","Autumn",2044,369.25
"Arunachal_Pradesh","Autumn",2045,381.525
"Arunachal_Pradesh","Autumn",2046,394.175
"Arunachal_Pradesh","Autumn",2047,406.7
"Arunachal_Pradesh","Autumn",2048,419.325
"Arunachal_Pradesh","Autumn",2049,431.8
"Arunachal_Pradesh","Autumn",2050,444.35
"Assam","Autumn",2017,1804.125
"Assam","Autumn",2018,1979.275
"Assam","Autumn",2019,2174.275
"Assam","Autumn",2020,2368.375
"Assam","Autumn",2021,2568.05
"Assam","Autumn",2022,2023.025
"Assam","Autumn",2023,2247.875
"Assam","Autumn",2024,2389.65
"Assam","Autumn",2025,2543.75
"Assam","Autumn",2026,2706.25
"Assam","Autumn",2027,2880.25
"Assam","Autumn",2028,3064.375
"Assam","Autumn",2029,3262.025
"Assam","Autumn",2030,3483.1
"Assam","Autumn",2031,3692.975
"Assam","Autumn",2032,3903.775
"Assam","Autumn",2033,4152.45
"Assam","Autumn",2034,4401.35
"Assam","Autumn",2035,4650.175
"Assam","Autumn",2036,4899
"Assam","Autumn",2037,5147.8
"Assam","Autumn",2038,5442.6
"Assam","Autumn",2039,5737.45
"Assam","Autumn",2040,6032.25
"Assam","Autumn",2041,6327.075
"Assam","Autumn",2042,6621.975
"Assam","Autumn",2043,6916.85
"Assam","Autumn",2044,7211.475
"Assam","Autumn",2045,7506.325
"Assam","Autumn",2046,7801.075
"Assam","Autumn",2047,8095.975
"Assam","Autumn",2048,8390.825
"Assam","Autumn",2049,8685.375
"Assam","Autumn",2050,8980.3
"Bihar","Autumn",2017,4455.725
"Bihar","Autumn",2018,4627.15
"Bihar","Autumn",2019,5009.125
"Bihar","Autumn",2020,5677.2
"Bihar","Autumn",2021,6205.25
"Bihar","Autumn",2022,6384.075
"Bihar","Autumn",2023,7002.8
"Bihar","Autumn",2024,7643.125
"Bihar","Autumn",2025,8313.9
"Bihar","Autumn",2026,9087.775
"Bihar","Autumn",2027,9838.225
"Bihar","Autumn",2028,10637.375
"Bihar","Autumn",2029,11479.4
"Bihar","Autumn",2030,12436.975
"Bihar","Autumn",2031,13285.825
"Bihar","Autumn",2032,14103.55
"Bihar","Autumn",2033,15140.975
"Bihar","Autumn",2034,16178.45
"Bihar","Autumn",2035,17215.825
"Bihar","Autumn",2036,18253.175
"Bihar","Autumn",2037,19290.675
"Bihar","Autumn",2038,20497.225
"Bihar","Autumn",2039,21703.85
"Bihar","Autumn",2040,22910.25
"Bihar","Autumn",2041,24116.9
"Bihar","Autumn",2042,25323.35
"Bihar","Autumn",2043,26529.925
"Bihar","Autumn",2044,27736.55
"Bihar","Autumn",2045,28943.125
"Bihar","Autumn",2046,30149.7
"Bihar","Autumn",2047,31356.25
"Bihar","Autumn",2048,32562.75
"Bihar","Autumn",2049,33769.375
"Bihar","Autumn",2050,34975.9
"Chandigarh","Autumn",2017,271.775
"Chandigarh","Autumn",2018,281.975
"Chandigarh","Autumn",2019,292.125
"Chandigarh","Autumn",2020,302.8
"Chandigarh","Autumn",2021,313.775
"Chandigarh","Autumn",2022,233.075
"Chandigarh","Autumn",2023,247.475
"Chandigarh","Autumn",2024,254.45
"Chandigarh","Autumn",2025,261.35
"Chandigarh","Autumn",2026,267.975
"Chandigarh","Autumn",2027,274.5
"Chandigarh","Autumn",2028,280.925
"Chandigarh","Autumn",2029,287.65
"Chandigarh","Autumn",2030,295.075
"Chandigarh","Autumn",2031,303.775
"Chandigarh","Autumn",2032,311.125
"Chandigarh","Autumn",2033,318.9
"Chandigarh","Autumn",2034,326.85
"Chandigarh","Autumn",2035,334.825
"Chandigarh","Autumn",2036,342.675
"Chandigarh","Autumn",2037,350.6
"Chandigarh","Autumn",2038,358.975
"Chandigarh","Autumn",2039,367.45
"Chandigarh","Autumn",2040,375.95
"Chandigarh","Autumn",2041,384.5
"Chandigarh","Autumn",2042,392.875
"Chandigarh","Autumn",2043,401.425
"Chandigarh","Autumn",2044,409.875
"Chandigarh","Autumn",2045,418.35
"Chandigarh","Autumn",2046,426.75
"Chandigarh","Autumn",2047,435.275
"Chandigarh","Autumn",2048,443.8
"Chandigarh","Autumn",2049,452.225
"Chandigarh","Autumn",2050,460.7
"Chhattisgarh","Autumn",2017,4285.85
"Chhattisgarh","Autumn",2018,4630.9
"Chhattisgarh","Autumn",2019,4956.75
"Chhattisgarh","Autumn",2020,5286.725
"Chhattisgarh","Autumn",2021,5645.625
"Chhattisgarh","Autumn",2022,4607.525
"Chhattisgarh","Autumn",2023,4967.8
"Chhattisgarh","Autumn",2024,5289.65
"Chhattisgarh","Autumn",2025,5678.1
"Chhattisgarh","Autumn",2026,6099.25
"Chhattisgarh","Autumn",2027,6546.6
"Chhattisgarh","Autumn",2028,7022.775
"Chhattisgarh","Autumn",2029,7524.8
"Chhattisgarh","Autumn",2030,8121.375
"Chhattisgarh","Autumn",2031,8523.35
"Chhattisgarh","Autumn",2032,8945.025
"Chhattisgarh","Autumn",2033,9492.5
"Chhattisgarh","Autumn",2034,10040.15
"Chhattisgarh","Autumn",2035,10587.825
"Chhattisgarh","Autumn",2036,11135.3
"Chhattisgarh","Autumn",2037,11682.95
"Chhattisgarh","Autumn",2038,12282.925
"Chhattisgarh","Autumn",2039,12882.975
"Chhattisgarh","Autumn",2040,13483.05
"Chhattisgarh","Autumn",2041,14083.05
"Chhattisgarh","Autumn",2042,14683.025
"Chhattisgarh","Autumn",2043,15283.075
"Chhattisgarh","Autumn",2044,15882.975
"Chhattisgarh","Autumn",2045,16483.075
"Chhattisgarh","Autumn",2046,17083
"Chhattisgarh","Autumn",2047,17683
"Chhattisgarh","Autumn",2048,18283.1
"Chhattisgarh","Autumn",2049,18883.075
"Chhattisgarh","Autumn",2050,19483.1
"Dadra_Nagar_Haveli","Autumn",2017,864.5
"Dadra_Nagar_Haveli","Autumn",2018,936.85
"Dadra_Nagar_Haveli","Autumn",2019,1011.125
"Dadra_Nagar_Haveli","Autumn",2020,1087.525
"Dadra_Nagar_Haveli","Autumn",2021,1164.6
"Dadra_Nagar_Haveli","Autumn",2022,824.175
"Dadra_Nagar_Haveli","Autumn",2023,941.25
"Dadra_Nagar_Haveli","Autumn",2024,988.375
"Dadra_Nagar_Haveli","Autumn",2025,1044.95
"Dadra_Nagar_Haveli","Autumn",2026,1104
"Dadra_Nagar_Haveli","Autumn",2027,1165.575
"Dadra_Nagar_Haveli","Autumn",2028,1230.5
"Dadra_Nagar_Haveli","Autumn",2029,1297.325
"Dadra_Nagar_Haveli","Autumn",2030,1378.075
"Dadra_Nagar_Haveli","Autumn",2031,1424.175
"Dadra_Nagar_Haveli","Autumn",2032,1469.45
"Dadra_Nagar_Haveli","Autumn",2033,1542.625
"Dadra_Nagar_Haveli","Autumn",2034,1615.9
"Dadra_Nagar_Haveli","Autumn",2035,1688.9
"Dadra_Nagar_Haveli","Autumn",2036,1762.125
"Dadra_Nagar_Haveli","Autumn",2037,1835.375
"Dadra_Nagar_Haveli","Autumn",2038,1922.7
"Dadra_Nagar_Haveli","Autumn",2039,2009.95
"Dadra_Nagar_Haveli","Autumn",2040,2097.425
"Dadra_Nagar_Haveli","Autumn",2041,2184.775
"Dadra_Nagar_Haveli","Autumn",2042,2272.125
"Dadra_Nagar_Haveli","Autumn",2043,2359.5
"Dadra_Nagar_Haveli","Autumn",2044,2446.9
"Dadra_Nagar_Haveli","Autumn",2045,2534.25
"Dadra_Nagar_Haveli","Autumn",2046,2621.65
"Dadra_Nagar_Haveli","Autumn",2047,2708.925
"Dadra_Nagar_Haveli","Autumn",2048,2796.4
"Dadra_Nagar_Haveli","Autumn",2049,2883.725
"Dadra_Nagar_Haveli","Autumn",2050,2971.15
"Daman_Diu","Autumn",2017,296.775
"Daman_Diu","Autumn",2018,316.675
"Daman_Diu","Autumn",2019,333.125
"Daman_Diu","Autumn",2020,350.5
"Daman_Diu","Autumn",2021,368.65
"Daman_Diu","Autumn",2022,328.975
"Daman_Diu","Autumn",2023,357.25
"Daman_Diu","Autumn",2024,373.875
"Daman_Diu","Autumn",2025,393.95
"Daman_Diu","Autumn",2026,414.175
"Daman_Diu","Autumn",2027,434.425
"Daman_Diu","Autumn",2028,458.875
"Daman_Diu","Autumn",2029,483.425
"Daman_Diu","Autumn",2030,513.125
"Daman_Diu","Autumn",2031,534.15
"Daman_Diu","Autumn",2032,554.8
"Daman_Diu","Autumn",2033,588.225
"Daman_Diu","Autumn",2034,621.5
"Daman_Diu","Autumn",2035,654.85
"Daman_Diu","Autumn",2036,688.375
"Daman_Diu","Autumn",2037,722.081967213115
"Daman_Diu","Autumn",2038,748.675
"Daman_Diu","Autumn",2039,775.725
"Daman_Diu","Autumn",2040,802.85
"Daman_Diu","Autumn",2041,829.875
"Daman_Diu","Autumn",2042,856.825
"Daman_Diu","Autumn",2043,883.8
"Daman_Diu","Autumn",2044,910.9
"Daman_Diu","Autumn",2045,938
"Daman_Diu","Autumn",2046,964.9
"Daman_Diu","Autumn",2047,992
"Daman_Diu","Autumn",2048,1019
"Daman_Diu","Autumn",2049,1046.075
"Daman_Diu","Autumn",2050,1073.05
"Delhi","Autumn",2017,4572.975
"Delhi","Autumn",2018,4729.45
"Delhi","Autumn",2019,4892.525
"Delhi","Autumn",2020,5057.425
"Delhi","Autumn",2021,5223.925
"Delhi","Autumn",2022,4371.475
"Delhi","Autumn",2023,4946.45
"Delhi","Autumn",2024,5172.725
"Delhi","Autumn",2025,5402.425
"Delhi","Autumn",2026,5648.125
"Delhi","Autumn",2027,5897.425
"Delhi","Autumn",2028,6159
"Delhi","Autumn",2029,6433.8
"Delhi","Autumn",2030,6741.675
"Delhi","Autumn",2031,7028.475
"Delhi","Autumn",2032,7319.575
"Delhi","Autumn",2033,7668.975
"Delhi","Autumn",2034,8018.3
"Delhi","Autumn",2035,8367.675
"Delhi","Autumn",2036,8716.975
"Delhi","Autumn",2037,9066.4
"Delhi","Autumn",2038,9496.125
"Delhi","Autumn",2039,9925.775
"Delhi","Autumn",2040,10355.475
"Delhi","Autumn",2041,10785.15
"Delhi","Autumn",2042,11214.875
"Delhi","Autumn",2043,11644.6
"Delhi","Autumn",2044,12074.325
"Delhi","Autumn",2045,12503.9
"Delhi","Autumn",2046,12933.675
"Delhi","Autumn",2047,13363.375
"Delhi","Autumn",2048,13793.05
"Delhi","Autumn",2049,14222.725
"Delhi","Autumn",2050,14652.475
"Goa","Autumn",2017,642.05
"Goa","Autumn",2018,682.9
"Goa","Autumn",2019,722.95
"Goa","Autumn",2020,762.775
"Goa","Autumn",2021,801.925
"Goa","Autumn",2022,645.8
"Goa","Autumn",2023,674.375
"Goa","Autumn",2024,704.775
"Goa","Autumn",2025,738.425
"Goa","Autumn",2026,773.525
"Goa","Autumn",2027,810
"Goa","Autumn",2028,848.125
"Goa","Autumn",2029,887.375
"Goa","Autumn",2030,934.875
"Goa","Autumn",2031,972.025
"Goa","Autumn",2032,1009.225
"Goa","Autumn",2033,1056.875
"Goa","Autumn",2034,1104.5
"Goa","Autumn",2035,1152.225
"Goa","Autumn",2036,1199.9
"Goa","Autumn",2037,1247.6
"Goa","Autumn",2038,1304.025
"Goa","Autumn",2039,1360.5
"Goa","Autumn",2040,1416.95
"Goa","Autumn",2041,1473.425
"Goa","Autumn",2042,1529.85
"Goa","Autumn",2043,1586.325
"Goa","Autumn",2044,1642.85
"Goa","Autumn",2045,1699.125
"Goa","Autumn",2046,1755.65
"Goa","Autumn",2047,1812.125
"Goa","Autumn",2048,1868.5
"Goa","Autumn",2049,1925
"Goa","Autumn",2050,1981.45
"Gujarat","Autumn",2017,15139.575
"Gujarat","Autumn",2018,16206.125
"Gujarat","Autumn",2019,17293.45
"Gujarat","Autumn",2020,18408.9
"Gujarat","Autumn",2021,19542.825
"Gujarat","Autumn",2022,17754.5
"Gujarat","Autumn",2023,19820.25
"Gujarat","Autumn",2024,20977.2
"Gujarat","Autumn",2025,22425.875
"Gujarat","Autumn",2026,24011.8
"Gujarat","Autumn",2027,25678.875
"Gujarat","Autumn",2028,27448.975
"Gujarat","Autumn",2029,29296.225
"Gujarat","Autumn",2030,31629.2
"Gujarat","Autumn",2031,32762.4
"Gujarat","Autumn",2032,33880.125
"Gujarat","Autumn",2033,35626.975
"Gujarat","Autumn",2034,37373.675
"Gujarat","Autumn",2035,39120.35
"Gujarat","Autumn",2036,40867.15
"Gujarat","Autumn",2037,42613.875
"Gujarat","Autumn",2038,44439.3
"Gujarat","Autumn",2039,46264.675
"Gujarat","Autumn",2040,48090.175
"Gujarat","Autumn",2041,49915.5
"Gujarat","Autumn",2042,51740.875
"Gujarat","Autumn",2043,53566.325
"Gujarat","Autumn",2044,55391.775
"Gujarat","Autumn",2045,57217.15
"Gujarat","Autumn",2046,59042.525
"Gujarat","Autumn",2047,60868.025
"Gujarat","Autumn",2048,62693.4
"Gujarat","Autumn",2049,64518.825
"Gujarat","Autumn",2050,66344.35
"Haryana","Autumn",2017,7747.2
"Haryana","Autumn",2018,8170.35
"Haryana","Autumn",2019,8625.95
"Haryana","Autumn",2020,9116.025
"Haryana","Autumn",2021,9610.45
"Haryana","Autumn",2022,8861.675
"Haryana","Autumn",2023,9711.05
"Haryana","Autumn",2024,10331.65
"Haryana","Autumn",2025,11046.875
"Haryana","Autumn",2026,11825.8
"Haryana","Autumn",2027,12662.625
"Haryana","Autumn",2028,13539.825
"Haryana","Autumn",2029,14467.5
"Haryana","Autumn",2030,15561.2
"Haryana","Autumn",2031,16352.475
"Haryana","Autumn",2032,17195.45
"Haryana","Autumn",2033,18102.275
"Haryana","Autumn",2034,19009.225
"Haryana","Autumn",2035,19915.975
"Haryana","Autumn",2036,20822.875
"Haryana","Autumn",2037,21729.775
"Haryana","Autumn",2038,22694.6
"Haryana","Autumn",2039,23659.35
"Haryana","Autumn",2040,24624.175
"Haryana","Autumn",2041,25588.975
"Haryana","Autumn",2042,26553.825
"Haryana","Autumn",2043,27518.5
"Haryana","Autumn",2044,28483.3
"Haryana","Autumn",2045,29448.075
"Haryana","Autumn",2046,30412.75
"Haryana","Autumn",2047,31377.675
"Haryana","Autumn",2048,32342.4
"Haryana","Autumn",2049,33307.275
"Haryana","Autumn",2050,34271.975
"Himachal_Pradesh","Autumn",2017,1524.4
"Himachal_Pradesh","Autumn",2018,1585.65
"Himachal_Pradesh","Autumn",2019,1649.925
"Himachal_Pradesh","Autumn",2020,1716.975
"Himachal_Pradesh","Autumn",2021,1788.125
"Himachal_Pradesh","Autumn",2022,1811.475
"Himachal_Pradesh","Autumn",2023,1885.9
"Himachal_Pradesh","Autumn",2024,1969.025
"Himachal_Pradesh","Autumn",2025,2066.95
"Himachal_Pradesh","Autumn",2026,2169.9
"Himachal_Pradesh","Autumn",2027,2276.6
"Himachal_Pradesh","Autumn",2028,2386.85
"Himachal_Pradesh","Autumn",2029,2498.6
"Himachal_Pradesh","Autumn",2030,2632.275
"Himachal_Pradesh","Autumn",2031,2720.75
"Himachal_Pradesh","Autumn",2032,2807.275
"Himachal_Pradesh","Autumn",2033,2924.325
"Himachal_Pradesh","Autumn",2034,3041.325
"Himachal_Pradesh","Autumn",2035,3158.35
"Himachal_Pradesh","Autumn",2036,3275.275
"Himachal_Pradesh","Autumn",2037,3392.175
"Himachal_Pradesh","Autumn",2038,3518.7
"Himachal_Pradesh","Autumn",2039,3645.15
"Himachal_Pradesh","Autumn",2040,3771.425
"Himachal_Pradesh","Autumn",2041,3897.775
"Himachal_Pradesh","Autumn",2042,4024.225
"Himachal_Pradesh","Autumn",2043,4150.6
"Himachal_Pradesh","Autumn",2044,4276.975
"Himachal_Pradesh","Autumn",2045,4403.3
"Himachal_Pradesh","Autumn",2046,4529.575
"Himachal_Pradesh","Autumn",2047,4656.05
"Himachal_Pradesh","Autumn",2048,4782.55
"Himachal_Pradesh","Autumn",2049,4908.825
"Himachal_Pradesh","Autumn",2050,5035.25
"Jammu_Kashmir","Autumn",2017,2247.1
"Jammu_Kashmir","Autumn",2018,2369.925
"Jammu_Kashmir","Autumn",2019,2506.65
"Jammu_Kashmir","Autumn",2020,2658.075
"Jammu_Kashmir","Autumn",2021,2796.175
"Jammu_Kashmir","Autumn",2022,2793.125
"Jammu_Kashmir","Autumn",2023,2844.725
"Jammu_Kashmir","Autumn",2024,3026.525
"Jammu_Kashmir","Autumn",2025,3112.25
"Jammu_Kashmir","Autumn",2026,3176.675
"Jammu_Kashmir","Autumn",2027,3284.675
"Jammu_Kashmir","Autumn",2028,3466.25
"Jammu_Kashmir","Autumn",2029,3655.85
"Jammu_Kashmir","Autumn",2030,3844.675
"Jammu_Kashmir","Autumn",2031,4024
"Jammu_Kashmir","Autumn",2032,4195.05
"Jammu_Kashmir","Autumn",2033,4418.175
"Jammu_Kashmir","Autumn",2034,4641.6
"Jammu_Kashmir","Autumn",2035,4864.8
"Jammu_Kashmir","Autumn",2036,5088.125
"Jammu_Kashmir","Autumn",2037,5311.425
"Jammu_Kashmir","Autumn",2038,5582.975
"Jammu_Kashmir","Autumn",2039,5854.55
"Jammu_Kashmir","Autumn",2040,6126.1
"Jammu_Kashmir","Autumn",2041,6397.75
"Jammu_Kashmir","Autumn",2042,6669.3
"Jammu_Kashmir","Autumn",2043,6940.85
"Jammu_Kashmir","Autumn",2044,7212.5
"Jammu_Kashmir","Autumn",2045,7484.075
"Jammu_Kashmir","Autumn",2046,7755.65
"Jammu_Kashmir","Autumn",2047,8027.175
"Jammu_Kashmir","Autumn",2048,8298.775
"Jammu_Kashmir","Autumn",2049,8570.35
"Jammu_Kashmir","Autumn",2050,8841.95
"Jharkhand","Autumn",2017,3625.8
"Jharkhand","Autumn",2018,3803.225
"Jharkhand","Autumn",2019,4044.6
"Jharkhand","Autumn",2020,4269.65
"Jharkhand","Autumn",2021,4511.1
"Jharkhand","Autumn",2022,2466.525
"Jharkhand","Autumn",2023,2604.85
"Jharkhand","Autumn",2024,2752.35
"Jharkhand","Autumn",2025,2925.825
"Jharkhand","Autumn",2026,3112.825
"Jharkhand","Autumn",2027,3314.925
"Jharkhand","Autumn",2028,3524.075
"Jharkhand","Autumn",2029,3740.9
"Jharkhand","Autumn",2030,4002.575
"Jharkhand","Autumn",2031,4179.4
"Jharkhand","Autumn",2032,4350.9
"Jharkhand","Autumn",2033,4596.8
"Jharkhand","Autumn",2034,4842.7
"Jharkhand","Autumn",2035,5088.7
"Jharkhand","Autumn",2036,5334.65
"Jharkhand","Autumn",2037,5580.525
"Jharkhand","Autumn",2038,5866.7
"Jharkhand","Autumn",2039,6152.95
"Jharkhand","Autumn",2040,6438.925
"Jharkhand","Autumn",2041,6725.1
"Jharkhand","Autumn",2042,7011.3
"Jharkhand","Autumn",2043,7297.475
"Jharkhand","Autumn",2044,7583.65
"Jharkhand","Autumn",2045,7869.825
"Jharkhand","Autumn",2046,8155.975
"Jharkhand","Autumn",2047,8442.075
"Jharkhand","Autumn",2048,8728.325
"Jharkhand","Autumn",2049,9014.425
"Jharkhand","Autumn",2050,9300.55
"Karnataka","Autumn",2017,8954.55
"Karnataka","Autumn",2018,9456.175
"Karnataka","Autumn",2019,9967.325
"Karnataka","Autumn",2020,10504.75
"Karnataka","Autumn",2021,11070.85
"Karnataka","Autumn",2022,10784.6
"Karnataka","Autumn",2023,11009.775
"Karnataka","Autumn",2024,11414
"Karnataka","Autumn",2025,11875.575
"Karnataka","Autumn",2026,12359.025
"Karnataka","Autumn",2027,12980.275
"Karnataka","Autumn",2028,13531.925
"Karnataka","Autumn",2029,14087.25
"Karnataka","Autumn",2030,14735.95
"Karnataka","Autumn",2031,15234.975
"Karnataka","Autumn",2032,15703.575
"Karnataka","Autumn",2033,16331.2
"Karnataka","Autumn",2034,16958.9
"Karnataka","Autumn",2035,17586.575
"Karnataka","Autumn",2036,18214.325
"Karnataka","Autumn",2037,18842.05
"Karnataka","Autumn",2038,19559.325
"Karnataka","Autumn",2039,20276.675
"Karnataka","Autumn",2040,20994.1
"Karnataka","Autumn",2041,21711.375
"Karnataka","Autumn",2042,22428.725
"Karnataka","Autumn",2043,23146.175
"Karnataka","Autumn",2044,23863.35
"Karnataka","Autumn",2045,24580.7
"Karnataka","Autumn",2046,25298.05
"Karnataka","Autumn",2047,26015.475
"Karnataka","Autumn",2048,26732.8
"Karnataka","Autumn",2049,27450.15
"Karnataka","Autumn",2050,28167.575
"Kerala","Autumn",2017,3888.175
"Kerala","Autumn",2018,4085.125
"Kerala","Autumn",2019,4288.275
"Kerala","Autumn",2020,4496.975
"Kerala","Autumn",2021,4714.1
"Kerala","Autumn",2022,3973.1
"Kerala","Autumn",2023,4159.65
"Kerala","Autumn",2024,4358.85
"Kerala","Autumn",2025,4577.375
"Kerala","Autumn",2026,4805.5
"Kerala","Autumn",2027,5044.225
"Kerala","Autumn",2028,5293.375
"Kerala","Autumn",2029,5555.8
"Kerala","Autumn",2030,5861.475
"Kerala","Autumn",2031,6118.6
"Kerala","Autumn",2032,6361.85
"Kerala","Autumn",2033,6645.55
"Kerala","Autumn",2034,6929.2
"Kerala","Autumn",2035,7212.725
"Kerala","Autumn",2036,7496.425
"Kerala","Autumn",2037,7780.075
"Kerala","Autumn",2038,8076.425
"Kerala","Autumn",2039,8372.925
"Kerala","Autumn",2040,8669.15
"Kerala","Autumn",2041,8965.625
"Kerala","Autumn",2042,9261.975
"Kerala","Autumn",2043,9558.325
"Kerala","Autumn",2044,9854.725
"Kerala","Autumn",2045,10151.025
"Kerala","Autumn",2046,10447.425
"Kerala","Autumn",2047,10743.8
"Kerala","Autumn",2048,11040.225
"Kerala","Autumn",2049,11336.55
"Kerala","Autumn",2050,11632.95
"Madhya_Pradesh","Autumn",2017,11131.875
"Madhya_Pradesh","Autumn",2018,12097.325
"Madhya_Pradesh","Autumn",2019,13028.175
"Madhya_Pradesh","Autumn",2020,13957.725
"Madhya_Pradesh","Autumn",2021,14782.075
"Madhya_Pradesh","Autumn",2022,13639.65
"Madhya_Pradesh","Autumn",2023,15159.35
"Madhya_Pradesh","Autumn",2024,15995.95
"Madhya_Pradesh","Autumn",2025,16995.05
"Madhya_Pradesh","Autumn",2026,18065.375
"Madhya_Pradesh","Autumn",2027,19553.525
"Madhya_Pradesh","Autumn",2028,20754.7
"Madhya_Pradesh","Autumn",2029,21993.15
"Madhya_Pradesh","Autumn",2030,23460.425
"Madhya_Pradesh","Autumn",2031,24418.5
"Madhya_Pradesh","Autumn",2032,25303.8
"Madhya_Pradesh","Autumn",2033,26645.875
"Madhya_Pradesh","Autumn",2034,27988
"Madhya_Pradesh","Autumn",2035,29330
"Madhya_Pradesh","Autumn",2036,30672.075
"Madhya_Pradesh","Autumn",2037,32014.025
"Madhya_Pradesh","Autumn",2038,33550.7
"Madhya_Pradesh","Autumn",2039,35087.4
"Madhya_Pradesh","Autumn",2040,36624.05
"Madhya_Pradesh","Autumn",2041,38160.85
"Madhya_Pradesh","Autumn",2042,39697.5
"Madhya_Pradesh","Autumn",2043,41234.2
"Madhya_Pradesh","Autumn",2044,42770.8
"Madhya_Pradesh","Autumn",2045,44307.4
"Madhya_Pradesh","Autumn",2046,45844.15
"Madhya_Pradesh","Autumn",2047,47380.875
"Madhya_Pradesh","Autumn",2048,48917.5
"Madhya_Pradesh","Autumn",2049,50454.225
"Madhya_Pradesh","Autumn",2050,51990.875
"Maharashtra","Autumn",2017,21224.5
"Maharashtra","Autumn",2018,22385.6
"Maharashtra","Autumn",2019,23654.45
"Maharashtra","Autumn",2020,24863.85
"Maharashtra","Autumn",2021,26155.75
"Maharashtra","Autumn",2022,23871.5836065574
"Maharashtra","Autumn",2023,25493.593442623
"Maharashtra","Autumn",2024,26572.1573770492
"Maharashtra","Autumn",2025,27792.9967213115
"Maharashtra","Autumn",2026,29113.5213114754
"Maharashtra","Autumn",2027,30565.0196721311
"Maharashtra","Autumn",2028,31948.1114754098
"Maharashtra","Autumn",2029,33367.4327868852
"Maharashtra","Autumn",2030,35121.1737704918
"Maharashtra","Autumn",2031,36145.6295081967
"Maharashtra","Autumn",2032,37084.6
"Maharashtra","Autumn",2033,38565.9049180328
"Maharashtra","Autumn",2034,40047.2163934426
"Maharashtra","Autumn",2035,41528.5114754098
"Maharashtra","Autumn",2036,43009.7967213115
"Maharashtra","Autumn",2037,44491.1114754098
"Maharashtra","Autumn",2038,46155.7540983607
"Maharashtra","Autumn",2039,47820.3901639344
"Maharashtra","Autumn",2040,49484.9901639344
"Maharashtra","Autumn",2041,51149.6327868852
"Maharashtra","Autumn",2042,52814.268852459
"Maharashtra","Autumn",2043,54478.9442622951
"Maharashtra","Autumn",2044,56143.5770491803
"Maharashtra","Autumn",2045,57808.1639344262
"Maharashtra","Autumn",2046,59472.7934426229
"Maharashtra","Autumn",2047,61137.4983606557
"Maharashtra","Autumn",2048,62802.1081967213
"Maharashtra","Autumn",2049,64466.7344262295
"Maharashtra","Autumn",2050,66131.3770491803
"Manipur","Autumn",2017,260.95
"Manipur","Autumn",2018,293.7
"Manipur","Autumn",2019,326.925
"Manipur","Autumn",2020,357.2
"Manipur","Autumn",2021,391.425
"Manipur","Autumn",2022,213.375
"Manipur","Autumn",2023,225.85
"Manipur","Autumn",2024,238.775
"Manipur","Autumn",2025,252.775
"Manipur","Autumn",2026,266.95
"Manipur","Autumn",2027,282.35
"Manipur","Autumn",2028,298.175
"Manipur","Autumn",2029,314.825
"Manipur","Autumn",2030,332.6
"Manipur","Autumn",2031,351.325
"Manipur","Autumn",2032,370.025
"Manipur","Autumn",2033,391.425
"Manipur","Autumn",2034,412.65
"Manipur","Autumn",2035,434.25
"Manipur","Autumn",2036,455.925
"Manipur","Autumn",2037,477.075
"Manipur","Autumn",2038,502.9
"Manipur","Autumn",2039,528.9
"Manipur","Autumn",2040,554.65
"Manipur","Autumn",2041,580.4
"Manipur","Autumn",2042,606.225
"Manipur","Autumn",2043,632.15
"Manipur","Autumn",2044,657.775
"Manipur","Autumn",2045,683.6
"Manipur","Autumn",2046,709.35
"Manipur","Autumn",2047,735.35
"Manipur","Autumn",2048,761.2
"Manipur","Autumn",2049,786.85
"Manipur","Autumn",2050,812.875
"Meghalaya","Autumn",2017,372.95
"Meghalaya","Autumn",2018,385.6
"Meghalaya","Autumn",2019,409.075
"Meghalaya","Autumn",2020,424.675
"Meghalaya","Autumn",2021,441.2
"Meghalaya","Autumn",2022,381.425
"Meghalaya","Autumn",2023,396.075
"Meghalaya","Autumn",2024,411.25
"Meghalaya","Autumn",2025,426.375
"Meghalaya","Autumn",2026,441.8
"Meghalaya","Autumn",2027,458
"Meghalaya","Autumn",2028,474.175
"Meghalaya","Autumn",2029,490.275
"Meghalaya","Autumn",2030,506.575
"Meghalaya","Autumn",2031,519.55
"Meghalaya","Autumn",2032,531.55
"Meghalaya","Autumn",2033,548.175
"Meghalaya","Autumn",2034,564.975
"Meghalaya","Autumn",2035,581.75
"Meghalaya","Autumn",2036,598.5
"Meghalaya","Autumn",2037,615.2
"Meghalaya","Autumn",2038,634.125
"Meghalaya","Autumn",2039,653.05
"Meghalaya","Autumn",2040,671.975
"Meghalaya","Autumn",2041,690.9
"Meghalaya","Autumn",2042,709.825
"Meghalaya","Autumn",2043,728.775
"Meghalaya","Autumn",2044,747.775
"Meghalaya","Autumn",2045,766.725
"Meghalaya","Autumn",2046,785.5
"Meghalaya","Autumn",2047,804.625
"Meghalaya","Autumn",2048,823.45
"Meghalaya","Autumn",2049,842.375
"Meghalaya","Autumn",2050,861.275
"Mizoram","Autumn",2017,105.5
"Mizoram","Autumn",2018,113.975
"Mizoram","Autumn",2019,123.1
"Mizoram","Autumn",2020,133.275
"Mizoram","Autumn",2021,144.3
"Mizoram","Autumn",2022,135.25
"Mizoram","Autumn",2023,146.6
"Mizoram","Autumn",2024,159.5
"Mizoram","Autumn",2025,173.1
"Mizoram","Autumn",2026,187.825
"Mizoram","Autumn",2027,202.45
"Mizoram","Autumn",2028,219.45
"Mizoram","Autumn",2029,236.65
"Mizoram","Autumn",2030,254.975
"Mizoram","Autumn",2031,272.6
"Mizoram","Autumn",2032,292.8
"Mizoram","Autumn",2033,316.95
"Mizoram","Autumn",2034,340.75
"Mizoram","Autumn",2035,364.8
"Mizoram","Autumn",2036,388.575
"Mizoram","Autumn",2037,412.875
"Mizoram","Autumn",2038,444.1
"Mizoram","Autumn",2039,475
"Mizoram","Autumn",2040,506.25
"Mizoram","Autumn",2041,537.575
"Mizoram","Autumn",2042,568.4
"Mizoram","Autumn",2043,599.725
"Mizoram","Autumn",2044,631.35
"Mizoram","Autumn",2045,662.125
"Mizoram","Autumn",2046,693.45
"Mizoram","Autumn",2047,724.7
"Mizoram","Autumn",2048,755.6
"Mizoram","Autumn",2049,786.7
"Mizoram","Autumn",2050,818.025
"Nagaland","Autumn",2017,136.3
"Nagaland","Autumn",2018,146.35
"Nagaland","Autumn",2019,156.35
"Nagaland","Autumn",2020,167.35
"Nagaland","Autumn",2021,178.75
"Nagaland","Autumn",2022,129.125
"Nagaland","Autumn",2023,135.3
"Nagaland","Autumn",2024,142.3
"Nagaland","Autumn",2025,148.525
"Nagaland","Autumn",2026,155.35
"Nagaland","Autumn",2027,162.05
"Nagaland","Autumn",2028,169.35
"Nagaland","Autumn",2029,176.75
"Nagaland","Autumn",2030,183.75
"Nagaland","Autumn",2031,190.15
"Nagaland","Autumn",2032,194.45
"Nagaland","Autumn",2033,201.8
"Nagaland","Autumn",2034,209.15
"Nagaland","Autumn",2035,216.975
"Nagaland","Autumn",2036,224.2
"Nagaland","Autumn",2037,231.9
"Nagaland","Autumn",2038,240.725
"Nagaland","Autumn",2039,249.375
"Nagaland","Autumn",2040,258.075
"Nagaland","Autumn",2041,266.725
"Nagaland","Autumn",2042,275.125
"Nagaland","Autumn",2043,284.125
"Nagaland","Autumn",2044,292.825
"Nagaland","Autumn",2045,301.35
"Nagaland","Autumn",2046,310.05
"Nagaland","Autumn",2047,318.575
"Nagaland","Autumn",2048,327.575
"Nagaland","Autumn",2049,336.1
"Nagaland","Autumn",2050,344.8
"Odisha","Autumn",2017,3957.475
"Odisha","Autumn",2018,4179.625
"Odisha","Autumn",2019,4350.3
"Odisha","Autumn",2020,4490.825
"Odisha","Autumn",2021,4632.2
"Odisha","Autumn",2022,4968.975
"Odisha","Autumn",2023,5695.7
"Odisha","Autumn",2024,5815.675
"Odisha","Autumn",2025,6056.225
"Odisha","Autumn",2026,6340.8
"Odisha","Autumn",2027,6663.125
"Odisha","Autumn",2028,7024
"Odisha","Autumn",2029,7417.125
"Odisha","Autumn",2030,7924.25
"Odisha","Autumn",2031,8218.4
"Odisha","Autumn",2032,8491.65
"Odisha","Autumn",2033,8922.75
"Odisha","Autumn",2034,9354.075
"Odisha","Autumn",2035,9785.25
"Odisha","Autumn",2036,10216.525
"Odisha","Autumn",2037,10647.55
"Odisha","Autumn",2038,11148.675
"Odisha","Autumn",2039,11649.7
"Odisha","Autumn",2040,12150.725
"Odisha","Autumn",2041,12651.675
"Odisha","Autumn",2042,13152.65
"Odisha","Autumn",2043,13653.725
"Odisha","Autumn",2044,14154.625
"Odisha","Autumn",2045,14655.825
"Odisha","Autumn",2046,15156.775
"Odisha","Autumn",2047,15657.75
"Odisha","Autumn",2048,16158.8
"Odisha","Autumn",2049,16659.775
"Odisha","Autumn",2050,17160.775
"Puducherry","Autumn",2017,400.8
"Puducherry","Autumn",2018,417.875
"Puducherry","Autumn",2019,434.85
"Puducherry","Autumn",2020,452.325
"Puducherry","Autumn",2021,470.375
"Puducherry","Autumn",2022,376.725
"Puducherry","Autumn",2023,396.825
"Puducherry","Autumn",2024,408.575
"Puducherry","Autumn",2025,421.325
"Puducherry","Autumn",2026,434.1
"Puducherry","Autumn",2027,447.65
"Puducherry","Autumn",2028,461.275
"Puducherry","Autumn",2029,475.375
"Puducherry","Autumn",2030,492.425
"Puducherry","Autumn",2031,504.525
"Puducherry","Autumn",2032,514.65
"Puducherry","Autumn",2033,529.325
"Puducherry","Autumn",2034,544.1
"Puducherry","Autumn",2035,558.725
"Puducherry","Autumn",2036,573.375
"Puducherry","Autumn",2037,588.25
"Puducherry","Autumn",2038,604.275
"Puducherry","Autumn",2039,620.225
"Puducherry","Autumn",2040,636.35
"Puducherry","Autumn",2041,652.4
"Puducherry","Autumn",2042,668.5
"Puducherry","Autumn",2043,684.4
"Puducherry","Autumn",2044,700.55
"Puducherry","Autumn",2045,716.65
"Puducherry","Autumn",2046,732.825
"Puducherry","Autumn",2047,748.75
"Puducherry","Autumn",2048,764.825
"Puducherry","Autumn",2049,780.9
"Puducherry","Autumn",2050,797.025
"Punjab","Autumn",2017,8019.85
"Punjab","Autumn",2018,8477.175
"Punjab","Autumn",2019,8948.5
"Punjab","Autumn",2020,9432.5
"Punjab","Autumn",2021,9929.475
"Punjab","Autumn",2022,8799.1
"Punjab","Autumn",2023,9302.175
"Punjab","Autumn",2024,9707.35
"Punjab","Autumn",2025,10190.175
"Punjab","Autumn",2026,10706.875
"Punjab","Autumn",2027,11261.975
"Punjab","Autumn",2028,11838.5
"Punjab","Autumn",2029,12444.425
"Punjab","Autumn",2030,13188.6
"Punjab","Autumn",2031,13649.925
"Punjab","Autumn",2032,14113.9
"Punjab","Autumn",2033,14678.175
"Punjab","Autumn",2034,15242.45
"Punjab","Autumn",2035,15806.575
"Punjab","Autumn",2036,16370.725
"Punjab","Autumn",2037,16935
"Punjab","Autumn",2038,17578.375
"Punjab","Autumn",2039,18221.95
"Punjab","Autumn",2040,18865.25
"Punjab","Autumn",2041,19508.625
"Punjab","Autumn",2042,20152.075
"Punjab","Autumn",2043,20795.55
"Punjab","Autumn",2044,21438.875
"Punjab","Autumn",2045,22082.375
"Punjab","Autumn",2046,22725.75
"Punjab","Autumn",2047,23369.15
"Punjab","Autumn",2048,24012.6
"Punjab","Autumn",2049,24656.025
"Punjab","Autumn",2050,25299.575
"Rajasthan","Autumn",2017,10583.275
"Rajasthan","Autumn",2018,10990.1
"Rajasthan","Autumn",2019,11503.8
"Rajasthan","Autumn",2020,12046.3
"Rajasthan","Autumn",2021,12628.475
"Rajasthan","Autumn",2022,13026.425
"Rajasthan","Autumn",2023,14156.775
"Rajasthan","Autumn",2024,15602.2
"Rajasthan","Autumn",2025,16535.1
"Rajasthan","Autumn",2026,17486.775
"Rajasthan","Autumn",2027,18504.275
"Rajasthan","Autumn",2028,19558
"Rajasthan","Autumn",2029,20656.55
"Rajasthan","Autumn",2030,21957.7
"Rajasthan","Autumn",2031,22852.075
"Rajasthan","Autumn",2032,23734.425
"Rajasthan","Autumn",2033,24917.525
"Rajasthan","Autumn",2034,26100.65
"Rajasthan","Autumn",2035,27283.825
"Rajasthan","Autumn",2036,28466.95
"Rajasthan","Autumn",2037,29650.175
"Rajasthan","Autumn",2038,30956.05
"Rajasthan","Autumn",2039,32262
"Rajasthan","Autumn",2040,33567.975
"Rajasthan","Autumn",2041,34873.975
"Rajasthan","Autumn",2042,36179.85
"Rajasthan","Autumn",2043,37485.875
"Rajasthan","Autumn",2044,38791.775
"Rajasthan","Autumn",2045,40097.65
"Rajasthan","Autumn",2046,41403.725
"Rajasthan","Autumn",2047,42709.65
"Rajasthan","Autumn",2048,44015.525
"Rajasthan","Autumn",2049,45321.575
"Rajasthan","Autumn",2050,46627.525
"Sikkim","Autumn",2017,101.525
"Sikkim","Autumn",2018,106.725
"Sikkim","Autumn",2019,112.475
"Sikkim","Autumn",2020,118.425
"Sikkim","Autumn",2021,124.3
"Sikkim","Autumn",2022,112
"Sikkim","Autumn",2023,118.375
"Sikkim","Autumn",2024,125.35
"Sikkim","Autumn",2025,132.65
"Sikkim","Autumn",2026,140.85
"Sikkim","Autumn",2027,149.175
"Sikkim","Autumn",2028,158.2
"Sikkim","Autumn",2029,167.4
"Sikkim","Autumn",2030,177.55
"Sikkim","Autumn",2031,188.35
"Sikkim","Autumn",2032,199.675
"Sikkim","Autumn",2033,213.05
"Sikkim","Autumn",2034,226.475
"Sikkim","Autumn",2035,239.725
"Sikkim","Autumn",2036,253.2
"Sikkim","Autumn",2037,266.825
"Sikkim","Autumn",2038,284.175
"Sikkim","Autumn",2039,302.025
"Sikkim","Autumn",2040,319.65
"Sikkim","Autumn",2041,337.475
"Sikkim","Autumn",2042,355.1
"Sikkim","Autumn",2043,372.95
"Sikkim","Autumn",2044,390.65
"Sikkim","Autumn",2045,408.45
"Sikkim","Autumn",2046,426.1
"Sikkim","Autumn",2047,443.875
"Sikkim","Autumn",2048,461.525
"Sikkim","Autumn",2049,479.225
"Sikkim","Autumn",2050,497.1
"Tamil_Nadu","Autumn",2017,13498.525
"Tamil_Nadu","Autumn",2018,14247.025
"Tamil_Nadu","Autumn",2019,15035.475
"Tamil_Nadu","Autumn",2020,15857.85
"Tamil_Nadu","Autumn",2021,16682.375
"Tamil_Nadu","Autumn",2022,13706.575
"Tamil_Nadu","Autumn",2023,14224.85
"Tamil_Nadu","Autumn",2024,15014.15
"Tamil_Nadu","Autumn",2025,15886.35
"Tamil_Nadu","Autumn",2026,16802.3
"Tamil_Nadu","Autumn",2027,17765.425
"Tamil_Nadu","Autumn",2028,18767.325
"Tamil_Nadu","Autumn",2029,19816.625
"Tamil_Nadu","Autumn",2030,21018.45
"Tamil_Nadu","Autumn",2031,22039.875
"Tamil_Nadu","Autumn",2032,23051.2
"Tamil_Nadu","Autumn",2033,24126.45
"Tamil_Nadu","Autumn",2034,25201.6
"Tamil_Nadu","Autumn",2035,26276.9
"Tamil_Nadu","Autumn",2036,27352.125
"Tamil_Nadu","Autumn",2037,28427.275
"Tamil_Nadu","Autumn",2038,29471.075
"Tamil_Nadu","Autumn",2039,30515.025
"Tamil_Nadu","Autumn",2040,31558.925
"Tamil_Nadu","Autumn",2041,32602.675
"Tamil_Nadu","Autumn",2042,33646.6
"Tamil_Nadu","Autumn",2043,34690.475
"Tamil_Nadu","Autumn",2044,35734.325
"Tamil_Nadu","Autumn",2045,36778.25
"Tamil_Nadu","Autumn",2046,37822.075
"Tamil_Nadu","Autumn",2047,38865.95
"Tamil_Nadu","Autumn",2048,39909.85
"Tamil_Nadu","Autumn",2049,40953.7
"Tamil_Nadu","Autumn",2050,41997.675
"Telangana","Autumn",2017,7782.925
"Telangana","Autumn",2018,8660.4
"Telangana","Autumn",2019,9664.95
"Telangana","Autumn",2020,10401.65
"Telangana","Autumn",2021,10922.25
"Telangana","Autumn",2022,9719.65573770492
"Telangana","Autumn",2023,10048.0109289617
"Telangana","Autumn",2024,10694.1639344262
"Telangana","Autumn",2025,11422.0655737705
"Telangana","Autumn",2026,12199.0218579235
"Telangana","Autumn",2027,13050.8907103825
"Telangana","Autumn",2028,13922.4808743169
"Telangana","Autumn",2029,14834.2841530055
"Telangana","Autumn",2030,15869.7213114754
"Telangana","Autumn",2031,16684.1693989071
"Telangana","Autumn",2032,17482.4972677596
"Telangana","Autumn",2033,18574.7868852459
"Telangana","Autumn",2034,19666.9234972678
"Telangana","Autumn",2035,20759.1693989071
"Telangana","Autumn",2036,21851.3551912568
"Telangana","Autumn",2037,22943.6174863388
"Telangana","Autumn",2038,24261.0109289618
"Telangana","Autumn",2039,25578.3770491803
"Telangana","Autumn",2040,26895.737704918
"Telangana","Autumn",2041,28213.1147540984
"Telangana","Autumn",2042,29530.4808743169
"Telangana","Autumn",2043,30847.8852459016
"Telangana","Autumn",2044,32165.2404371585
"Telangana","Autumn",2045,33482.6338797814
"Telangana","Autumn",2046,34799.9945355191
"Telangana","Autumn",2047,36117.3551912568
"Telangana","Autumn",2048,37434.7486338798
"Telangana","Autumn",2049,38752.1202185792
"Telangana","Autumn",2050,40069.4863387978
"Tripura","Autumn",2017,282.275
"Tripura","Autumn",2018,298.1
"Tripura","Autumn",2019,313.725
"Tripura","Autumn",2020,331.1
"Tripura","Autumn",2021,348.6
"Tripura","Autumn",2022,301.375
"Tripura","Autumn",2023,324.4
"Tripura","Autumn",2024,381.95
"Tripura","Autumn",2025,407.95
"Tripura","Autumn",2026,434.75
"Tripura","Autumn",2027,475.275
"Tripura","Autumn",2028,505.3
"Tripura","Autumn",2029,536.65
"Tripura","Autumn",2030,569.975
"Tripura","Autumn",2031,604.7
"Tripura","Autumn",2032,640.45
"Tripura","Autumn",2033,677.225
"Tripura","Autumn",2034,713.9
"Tripura","Autumn",2035,750.575
"Tripura","Autumn",2036,787.5
"Tripura","Autumn",2037,824.175
"Tripura","Autumn",2038,862.875
"Tripura","Autumn",2039,901.5
"Tripura","Autumn",2040,940.175
"Tripura","Autumn",2041,978.925
"Tripura","Autumn",2042,1017.575
"Tripura","Autumn",2043,1056.325
"Tripura","Autumn",2044,1095.125
"Tripura","Autumn",2045,1133.75
"Tripura","Autumn",2046,1172.525
"Tripura","Autumn",2047,1211.175
"Tripura","Autumn",2048,1249.825
"Tripura","Autumn",2049,1288.575
"Tripura","Autumn",2050,1327.2
"UP_Agra","Autumn",2017,3459.1
"UP_Agra","Autumn",2018,3736.725
"UP_Agra","Autumn",2019,4026.825
"UP_Agra","Autumn",2020,4335.425
"UP_Agra","Autumn",2021,4662.475
"UP_Agra","Autumn",2022,5487.4
"UP_Agra","Autumn",2023,5684.225
"UP_Agra","Autumn",2024,5986.225
"UP_Agra","Autumn",2025,6335.75
"UP_Agra","Autumn",2026,6709.35
"UP_Agra","Autumn",2027,7110.775
"UP_Agra","Autumn",2028,7531.975
"UP_Agra","Autumn",2029,7975.825
"UP_Agra","Autumn",2030,8488.8
"UP_Agra","Autumn",2031,8919.625
"UP_Agra","Autumn",2032,9355.725
"UP_Agra","Autumn",2033,9497.05
"UP_Agra","Autumn",2034,9638.5
"UP_Agra","Autumn",2035,9780.025
"UP_Agra","Autumn",2036,9921.375
"UP_Agra","Autumn",2037,10062.925
"UP_Agra","Autumn",2038,10442.775
"UP_Agra","Autumn",2039,10822.6
"UP_Agra","Autumn",2040,11202.475
"UP_Agra","Autumn",2041,11582.275
"UP_Agra","Autumn",2042,11962.2
"UP_Agra","Autumn",2043,12342.1
"UP_Agra","Autumn",2044,12721.925
"UP_Agra","Autumn",2045,13101.825
"UP_Agra","Autumn",2046,13481.625
"UP_Agra","Autumn",2047,13861.55
"UP_Agra","Autumn",2048,14241.425
"UP_Agra","Autumn",2049,14621.3
"UP_Agra","Autumn",2050,15001.125
"UP_Kanpur","Autumn",2017,426.725
"UP_Kanpur","Autumn",2018,457.275
"UP_Kanpur","Autumn",2019,488.65
"UP_Kanpur","Autumn",2020,521.55
"UP_Kanpur","Autumn",2021,555.95
"UP_Kanpur","Autumn",2022,458.732026143791
"UP_Kanpur","Autumn",2023,537.1
"UP_Kanpur","Autumn",2024,555.575
"UP_Kanpur","Autumn",2025,574.25
"UP_Kanpur","Autumn",2026,593.15
"UP_Kanpur","Autumn",2027,612.525
"UP_Kanpur","Autumn",2028,631.9
"UP_Kanpur","Autumn",2029,651.825
"UP_Kanpur","Autumn",2030,671.7
"UP_Kanpur","Autumn",2031,692.05
"UP_Kanpur","Autumn",2032,712.675
"UP_Kanpur","Autumn",2033,735.275
"UP_Kanpur","Autumn",2034,757.825
"UP_Kanpur","Autumn",2035,780.5
"UP_Kanpur","Autumn",2036,803.1
"UP_Kanpur","Autumn",2037,825.725
"UP_Kanpur","Autumn",2038,829.875
"UP_Kanpur","Autumn",2039,833.875
"UP_Kanpur","Autumn",2040,837.775
"UP_Kanpur","Autumn",2041,841.9
"UP_Kanpur","Autumn",2042,845.925
"UP_Kanpur","Autumn",2043,850
"UP_Kanpur","Autumn",2044,853.9
"UP_Kanpur","Autumn",2045,857.975
"UP_Kanpur","Autumn",2046,862.05
"UP_Kanpur","Autumn",2047,866.05
"UP_Kanpur","Autumn",2048,870.05
"UP_Kanpur","Autumn",2049,874.15
"UP_Kanpur","Autumn",2050,878.15
"UP_Lucknow","Autumn",2017,3205.05
"UP_Lucknow","Autumn",2018,3462.175
"UP_Lucknow","Autumn",2019,3731.15
"UP_Lucknow","Autumn",2020,4017.075
"UP_Lucknow","Autumn",2021,4320.225
"UP_Lucknow","Autumn",2022,5085.675
"UP_Lucknow","Autumn",2023,5438.825
"UP_Lucknow","Autumn",2024,5798.225
"UP_Lucknow","Autumn",2025,6192.775
"UP_Lucknow","Autumn",2026,6613.7
"UP_Lucknow","Autumn",2027,7064.9
"UP_Lucknow","Autumn",2028,7541.875
"UP_Lucknow","Autumn",2029,8049.8
"UP_Lucknow","Autumn",2030,8616.2
"UP_Lucknow","Autumn",2031,9163.95
"UP_Lucknow","Autumn",2032,9723.125
"UP_Lucknow","Autumn",2033,9990.125
"UP_Lucknow","Autumn",2034,10256.85
"UP_Lucknow","Autumn",2035,10523.75
"UP_Lucknow","Autumn",2036,10790.5
"UP_Lucknow","Autumn",2037,11057.5
"UP_Lucknow","Autumn",2038,11608.075
"UP_Lucknow","Autumn",2039,12158.8
"UP_Lucknow","Autumn",2040,12709.45
"UP_Lucknow","Autumn",2041,13260.125
"UP_Lucknow","Autumn",2042,13810.7
"UP_Lucknow","Autumn",2043,14361.475
"UP_Lucknow","Autumn",2044,14912.075
"UP_Lucknow","Autumn",2045,15462.8
"UP_Lucknow","Autumn",2046,16013.375
"UP_Lucknow","Autumn",2047,16564.075
"UP_Lucknow","Autumn",2048,17114.825
"UP_Lucknow","Autumn",2049,17665.45
"UP_Lucknow","Autumn",2050,18215.975
"UP_Meerut","Autumn",2017,4562.025
"UP_Meerut","Autumn",2018,4930.575
"UP_Meerut","Autumn",2019,5315.975
"UP_Meerut","Autumn",2020,5726.025
"UP_Meerut","Autumn",2021,6160.95
"UP_Meerut","Autumn",2022,7369.625
"UP_Meerut","Autumn",2023,7818.35
"UP_Meerut","Autumn",2024,8249.4
"UP_Meerut","Autumn",2025,8753.225
"UP_Meerut","Autumn",2026,9294.5
"UP_Meerut","Autumn",2027,9873.975
"UP_Meerut","Autumn",2028,10483.05
"UP_Meerut","Autumn",2029,11125.525
"UP_Meerut","Autumn",2030,11880.625
"UP_Meerut","Autumn",2031,12438.85
"UP_Meerut","Autumn",2032,13003.05
"UP_Meerut","Autumn",2033,13276.375
"UP_Meerut","Autumn",2034,13549.7
"UP_Meerut","Autumn",2035,13823.025
"UP_Meerut","Autumn",2036,14096.35
"UP_Meerut","Autumn",2037,14369.625
"UP_Meerut","Autumn",2038,14977.425
"UP_Meerut","Autumn",2039,15585.4
"UP_Meerut","Autumn",2040,16193.225
"UP_Meerut","Autumn",2041,16801.1
"UP_Meerut","Autumn",2042,17408.925
"UP_Meerut","Autumn",2043,18016.775
"UP_Meerut","Autumn",2044,18624.7
"UP_Meerut","Autumn",2045,19232.55
"UP_Meerut","Autumn",2046,19840.425
"UP_Meerut","Autumn",2047,20448.35
"UP_Meerut","Autumn",2048,21056.15
"UP_Meerut","Autumn",2049,21664.075
"UP_Meerut","Autumn",2050,22271.925
"UP_Varanasi","Autumn",2017,3475.725
"UP_Varanasi","Autumn",2018,3732.3
"UP_Varanasi","Autumn",2019,3998.125
"UP_Varanasi","Autumn",2020,4278.4
"UP_Varanasi","Autumn",2021,4572.875
"UP_Varanasi","Autumn",2022,4231.9
"UP_Varanasi","Autumn",2023,4816.675
"UP_Varanasi","Autumn",2024,5078.325
"UP_Varanasi","Autumn",2025,5362.075
"UP_Varanasi","Autumn",2026,5660.825
"UP_Varanasi","Autumn",2027,5977.75
"UP_Varanasi","Autumn",2028,6309.2
"UP_Varanasi","Autumn",2029,6659.3
"UP_Varanasi","Autumn",2030,7049.5
"UP_Varanasi","Autumn",2031,7410.5
"UP_Varanasi","Autumn",2032,7768.375
"UP_Varanasi","Autumn",2033,8138.175
"UP_Varanasi","Autumn",2034,8508.075
"UP_Varanasi","Autumn",2035,8877.875
"UP_Varanasi","Autumn",2036,9247.7
"UP_Varanasi","Autumn",2037,9617.5
"UP_Varanasi","Autumn",2038,9985.525
"UP_Varanasi","Autumn",2039,10353.475
"UP_Varanasi","Autumn",2040,10721.375
"UP_Varanasi","Autumn",2041,11089.275
"UP_Varanasi","Autumn",2042,11457.2
"UP_Varanasi","Autumn",2043,11825.075
"UP_Varanasi","Autumn",2044,12193.075
"UP_Varanasi","Autumn",2045,12561
"UP_Varanasi","Autumn",2046,12928.85
"UP_Varanasi","Autumn",2047,13296.75
"UP_Varanasi","Autumn",2048,13664.8
"UP_Varanasi","Autumn",2049,14032.675
"UP_Varanasi","Autumn",2050,14400.6
"Uttarakhand","Autumn",2017,1780.575
"Uttarakhand","Autumn",2018,1921.525
"Uttarakhand","Autumn",2019,2064.875
"Uttarakhand","Autumn",2020,2215.125
"Uttarakhand","Autumn",2021,2372.775
"Uttarakhand","Autumn",2022,1878.15
"Uttarakhand","Autumn",2023,1972.475
"Uttarakhand","Autumn",2024,2075.325
"Uttarakhand","Autumn",2025,2193.625
"Uttarakhand","Autumn",2026,2317.4
"Uttarakhand","Autumn",2027,2447.175
"Uttarakhand","Autumn",2028,2582.475
"Uttarakhand","Autumn",2029,2722.575
"Uttarakhand","Autumn",2030,2886.825
"Uttarakhand","Autumn",2031,3000.9
"Uttarakhand","Autumn",2032,3113.675
"Uttarakhand","Autumn",2033,3261.25
"Uttarakhand","Autumn",2034,3408.375
"Uttarakhand","Autumn",2035,3555.825
"Uttarakhand","Autumn",2036,3703.325
"Uttarakhand","Autumn",2037,3850.7
"Uttarakhand","Autumn",2038,4009.075
"Uttarakhand","Autumn",2039,4167.5
"Uttarakhand","Autumn",2040,4326
"Uttarakhand","Autumn",2041,4484.25
"Uttarakhand","Autumn",2042,4642.775
"Uttarakhand","Autumn",2043,4801.125
"Uttarakhand","Autumn",2044,4959.575
"Uttarakhand","Autumn",2045,5117.975
"Uttarakhand","Autumn",2046,5276.375
"Uttarakhand","Autumn",2047,5434.825
"Uttarakhand","Autumn",2048,5593.15
"Uttarakhand","Autumn",2049,5751.65
"Uttarakhand","Autumn",2050,5910.125
"West_Bengal","Autumn",2017,10121.75
"West_Bengal","Autumn",2018,10542.35
"West_Bengal","Autumn",2019,10970.1
"West_Bengal","Autumn",2020,11407.275
"West_Bengal","Autumn",2021,11872.35
"West_Bengal","Autumn",2022,8518.425
"West_Bengal","Autumn",2023,9511.375
"West_Bengal","Autumn",2024,10051
"West_Bengal","Autumn",2025,10677.975
"West_Bengal","Autumn",2026,11360.05
"West_Bengal","Autumn",2027,12079.65
"West_Bengal","Autumn",2028,12845.15
"West_Bengal","Autumn",2029,13615.325
"West_Bengal","Autumn",2030,14530.825
"West_Bengal","Autumn",2031,15146.275
"West_Bengal","Autumn",2032,15764.425
"West_Bengal","Autumn",2033,16620.2
"West_Bengal","Autumn",2034,17475.9
"West_Bengal","Autumn",2035,18331.675
"West_Bengal","Autumn",2036,19187.35
"West_Bengal","Autumn",2037,20043
"West_Bengal","Autumn",2038,21011.725
"West_Bengal","Autumn",2039,21980.475
"West_Bengal","Autumn",2040,22949.35
"West_Bengal","Autumn",2041,23918.1
"West_Bengal","Autumn",2042,24886.75
"West_Bengal","Autumn",2043,25855.55
"West_Bengal","Autumn",2044,26824.375
"West_Bengal","Autumn",2045,27793.1
"West_Bengal","Autumn",2046,28761.85
"West_Bengal","Autumn",2047,29730.65
"West_Bengal","Autumn",2048,30699.375
"West_Bengal","Autumn",2049,31668.125
"West_Bengal","Autumn",2050,32636.85
